50 4 66 2.64
0 1 2 4 6 8 10 11 12 13 14 15 17 18 20 22 24 29 34 38 39 46 
0 1 500 500 527 472
0 2 500 500 476 525
1 4 527 472 506 447
2 3 476 525 447 554
2 32 476 525 475 533
2 41 476 525 473 535
3 8 447 554 472 582
4 5 506 447 479 421
4 7 506 447 480 419
4 9 506 447 486 425
5 6 479 421 501 399
5 7 479 421 480 419
5 9 479 421 486 425
6 10 501 399 474 426
6 13 501 399 524 371
6 19 501 399 474 379
7 9 480 419 486 425
7 10 480 419 474 426
8 17 472 582 492 610
8 20 472 582 500 605
8 23 472 582 500 557
9 10 486 425 474 426
10 11 474 426 446 447
11 12 446 447 426 423
11 14 446 447 420 473
11 26 446 447 470 471
12 18 426 423 401 451
12 22 426 423 428 431
12 27 426 423 449 398
13 16 524 371 552 345
13 28 524 371 495 399
13 30 524 371 500 397
14 15 420 473 394 502
14 36 420 473 445 495
14 37 420 473 444 444
15 25 394 502 417 527
15 44 394 502 415 473
15 46 394 502 372 526
17 20 492 610 500 605
17 21 492 610 516 634
18 22 401 451 428 431
18 24 401 451 372 475
19 47 474 379 503 406
20 29 500 605 472 625
22 31 428 431 402 409
23 32 500 557 475 533
23 41 500 557 473 535
23 43 500 557 493 562
24 38 372 475 346 454
28 30 495 399 500 397
28 33 495 399 517 371
28 34 495 399 523 372
29 42 472 625 450 604
29 49 472 625 448 596
30 35 500 397 525 371
30 47 500 397 503 406
32 41 475 533 473 535
33 34 517 371 523 372
33 35 517 371 525 371
34 35 523 372 525 371
34 39 523 372 548 394
38 45 346 454 321 430
39 40 548 394 574 365
41 43 473 535 493 562
42 49 450 604 448 596
46 48 372 526 350 554
