50 6 72 2.88
2 4 5 7 8 9 11 12 15 18 20 22 25 30 31 33 34 39 
0 1 500 500 525 473
0 3 500 500 504 500
0 4 500 500 528 479
1 2 525 473 497 452
1 3 525 473 504 500
1 4 525 473 528 479
2 6 497 452 475 428
2 9 497 452 520 432
3 5 504 500 480 523
4 11 528 479 555 504
5 8 480 523 458 552
5 10 480 523 454 495
5 16 480 523 453 501
5 22 480 523 503 552
6 7 475 428 452 399
6 13 475 428 455 455
6 17 475 428 477 432
7 15 452 399 475 370
7 19 452 399 432 428
7 36 452 399 426 372
8 21 458 552 481 581
9 14 520 432 540 411
10 16 454 495 453 501
10 26 454 495 447 498
10 35 454 495 451 499
11 12 555 504 579 475
11 27 555 504 557 495
12 23 579 475 601 499
12 27 579 475 557 495
12 37 579 475 575 473
12 47 579 475 559 455
13 17 455 455 477 432
13 24 455 455 429 434
13 41 455 455 453 449
15 20 475 370 453 350
16 18 453 501 427 474
16 26 453 501 447 498
16 35 453 501 451 499
18 25 427 474 406 502
18 26 427 474 447 498
18 31 427 474 402 503
19 24 432 428 429 434
19 28 432 428 406 400
20 39 453 350 473 328
22 33 503 552 531 532
23 37 601 499 575 473
25 31 406 502 402 503
25 38 406 502 384 525
26 29 447 498 475 475
26 35 447 498 451 499
28 30 406 400 384 428
28 32 406 400 383 420
28 40 406 400 382 425
28 43 406 400 404 395
28 46 406 400 404 396
29 35 475 475 451 499
29 41 475 475 453 449
30 32 384 428 383 420
30 40 384 428 382 425
30 44 384 428 362 399
30 48 384 428 377 422
31 49 402 503 375 475
32 40 383 420 382 425
32 48 383 420 377 422
33 34 531 532 560 559
34 42 560 559 532 582
36 43 426 372 404 395
36 46 426 372 404 396
39 45 473 328 449 302
40 48 382 425 377 422
43 46 404 395 404 396
43 48 404 395 377 422
