150 4 239 3.1866667
43 44 45 46 48 49 53 57 73 80 81 84 85 92 95 96 100 110 111 113 119 128 135 
0 1 500 500 527 474
0 2 500 500 474 479
0 3 500 500 526 526
0 4 500 500 499 497
1 4 527 474 499 497
1 23 527 474 520 486
1 69 527 474 516 486
2 7 474 479 495 457
2 8 474 479 449 500
2 11 474 479 498 507
3 5 526 526 506 553
3 12 526 526 526 532
3 32 526 526 540 515
4 6 499 497 479 524
4 11 499 497 498 507
5 9 506 553 530 577
5 12 506 553 526 532
5 28 506 553 497 556
6 16 479 524 501 498
6 22 479 524 470 532
6 62 479 524 475 535
7 18 495 457 517 434
7 21 495 457 475 478
7 25 495 457 503 450
8 15 449 500 469 479
8 24 449 500 470 474
8 43 449 500 448 499
9 10 530 577 556 602
9 14 530 577 556 597
9 31 530 577 524 578
10 13 556 602 581 575
10 14 556 602 556 597
10 30 556 602 582 579
11 16 498 507 501 498
11 19 498 507 502 511
12 19 526 532 502 511
12 20 526 532 497 507
13 27 581 575 608 595
13 30 581 575 582 579
13 34 581 575 561 546
14 37 556 597 529 622
14 38 556 597 580 572
15 17 469 479 480 476
15 21 469 479 475 478
15 24 469 479 470 474
16 17 501 498 480 476
16 19 501 498 502 511
17 21 480 476 475 478
17 24 480 476 470 474
18 26 517 434 546 407
18 29 517 434 543 411
18 36 517 434 496 461
19 20 502 511 497 507
20 22 497 507 470 532
20 23 497 507 520 486
21 25 475 478 503 450
22 28 470 532 497 556
22 33 470 532 495 510
23 32 520 486 540 515
23 42 520 486 499 461
24 43 470 474 448 499
25 36 503 450 496 461
25 42 503 450 499 461
26 29 546 407 543 411
26 45 546 407 569 428
26 46 546 407 523 383
27 35 608 595 632 572
27 51 608 595 579 569
27 52 608 595 583 618
28 31 497 556 524 578
28 41 497 556 471 576
29 56 543 411 564 391
29 57 543 411 516 382
30 38 582 579 580 572
30 39 582 579 560 558
31 59 524 578 495 607
31 60 524 578 553 605
32 58 540 515 557 512
32 61 540 515 562 493
33 62 495 510 475 535
33 65 495 510 468 483
33 69 495 510 516 486
34 39 561 546 560 558
34 70 561 546 539 572
34 71 561 546 537 573
35 49 632 572 657 601
35 74 632 572 611 592
35 75 632 572 607 600
36 42 496 461 499 461
36 76 496 461 520 483
37 82 529 622 502 601
37 85 529 622 554 642
37 90 529 622 504 645
38 47 580 572 586 580
38 51 580 572 579 569
39 40 560 558 534 537
39 47 560 558 586 580
40 58 534 537 557 512
40 93 534 537 563 562
40 94 534 537 560 563
41 48 471 576 443 598
41 50 471 576 495 596
41 55 471 576 493 551
42 95 499 461 471 488
43 44 448 499 422 519
43 53 448 499 425 474
44 89 422 519 444 539
44 96 422 519 444 540
44 98 422 519 400 542
45 64 569 428 549 401
45 77 569 428 547 452
45 104 569 428 590 455
46 57 523 383 516 382
46 110 523 383 550 410
46 114 523 383 550 356
47 51 586 580 579 569
47 87 586 580 561 609
48 107 443 598 423 627
48 122 443 598 423 576
48 130 443 598 417 624
49 66 657 601 685 580
49 131 657 601 677 625
49 145 657 601 684 628
50 59 495 596 495 607
50 82 495 596 502 601
50 132 495 596 524 570
51 93 579 569 563 562
52 54 583 618 560 638
52 78 583 618 609 642
52 86 583 618 581 633
53 147 425 474 445 453
53 149 425 474 399 498
54 85 560 638 554 642
55 118 493 551 519 577
55 125 493 551 520 574
56 63 564 391 585 371
56 64 564 391 549 401
56 67 564 391 591 369
57 83 516 382 490 403
57 101 516 382 539 409
58 61 557 512 562 493
58 91 557 512 548 506
59 82 495 607 502 601
59 92 495 607 472 632
60 86 553 605 581 633
60 87 553 605 561 609
60 102 553 605 531 578
61 91 562 493 548 506
61 112 562 493 534 517
62 123 475 535 496 513
63 67 585 371 591 369
63 68 585 371 610 396
63 73 585 371 614 346
64 101 549 401 539 409
64 110 549 401 550 410
65 72 468 483 496 510
65 95 468 483 471 488
66 124 685 580 687 583
67 79 591 369 589 374
67 99 591 369 584 374
68 79 610 396 589 374
68 99 610 396 584 374
68 142 610 396 590 419
69 76 516 486 520 483
69 97 516 486 541 507
70 71 539 572 537 573
70 102 539 572 531 578
70 108 539 572 562 593
71 102 537 573 531 578
71 118 537 573 519 577
72 117 496 510 525 481
72 123 496 510 496 513
72 146 496 510 517 534
73 81 614 346 586 321
73 105 614 346 612 345
74 75 611 592 607 600
74 116 611 592 606 604
74 120 611 592 605 608
75 80 607 600 632 575
75 116 607 600 606 604
76 91 520 483 548 506
76 117 520 483 525 481
77 129 547 452 550 460
77 141 547 452 575 431
78 140 609 642 582 615
79 99 589 374 584 374
79 105 589 374 612 345
80 84 632 575 611 550
80 100 632 575 661 555
80 116 632 575 606 604
81 119 586 321 613 299
81 121 586 321 559 300
84 127 611 550 591 526
85 88 554 642 527 670
85 103 554 642 527 614
86 120 581 633 605 608
86 140 581 633 582 615
87 108 561 609 562 593
87 138 561 609 549 600
89 96 444 539 444 540
90 126 504 645 524 620
90 137 504 645 498 655
91 97 548 506 541 507
92 109 472 632 449 661
92 137 472 632 498 655
93 94 563 562 560 563
94 133 560 563 533 534
95 135 471 488 497 459
96 106 444 540 423 567
96 115 444 540 470 568
97 112 541 507 534 517
100 111 661 555 682 527
100 124 661 555 687 583
101 110 539 409 550 410
102 118 531 578 519 577
103 126 527 614 524 620
103 148 527 614 519 627
106 122 423 567 423 576
107 130 423 627 417 624
108 138 562 593 549 600
110 139 550 410 530 381
111 113 682 527 656 502
112 133 534 517 533 534
113 128 656 502 628 476
113 144 656 502 656 497
116 120 606 604 605 608
117 129 525 481 550 460
118 125 519 577 520 574
119 143 613 299 637 275
125 132 520 574 524 570
125 138 520 574 549 600
126 148 524 620 519 627
128 134 628 476 608 500
128 144 628 476 656 497
131 145 677 625 684 628
133 146 533 534 517 534
135 136 497 459 473 438
137 148 498 655 519 627
141 142 575 431 590 419
