200 3 271 2.71
31 35 49 51 55 72 73 84 87 91 104 112 115 118 119 120 122 126 127 130 140 149 154 169 
0 1 500 500 480 527
0 18 500 500 512 501
0 23 500 500 511 496
1 2 480 527 458 556
1 3 480 527 459 555
2 3 458 556 459 555
2 5 458 556 478 584
3 4 459 555 437 576
4 6 437 576 464 548
4 10 437 576 408 599
5 7 478 584 501 558
5 8 478 584 504 556
6 9 464 548 485 523
6 14 464 548 489 572
7 8 501 558 504 556
7 12 501 558 524 581
8 15 504 556 483 585
9 18 485 523 512 501
9 23 485 523 511 496
10 11 408 599 385 579
10 13 408 599 379 628
11 17 385 579 362 559
11 26 385 579 357 550
12 20 524 581 513 593
12 22 524 581 504 607
13 16 379 628 351 650
13 28 379 628 402 604
14 15 489 572 483 585
14 20 489 572 513 593
15 24 483 585 462 610
16 21 351 650 372 679
16 30 351 650 328 627
17 26 362 559 357 550
17 31 362 559 341 534
18 19 512 501 533 524
19 27 533 524 561 502
19 32 533 524 509 498
20 22 513 593 504 607
21 33 372 679 395 653
21 34 372 679 395 708
22 37 504 607 484 632
23 32 511 496 509 498
24 25 462 610 442 637
24 39 462 610 435 587
25 41 442 637 468 608
25 42 442 637 471 608
26 43 357 550 337 525
27 29 561 502 582 529
27 35 561 502 587 523
28 47 402 604 423 631
28 48 402 604 379 624
29 35 582 529 587 523
29 49 582 529 556 556
30 38 328 627 306 653
30 50 328 627 299 605
31 43 341 534 337 525
31 51 341 534 370 512
32 40 509 498 531 518
33 52 395 653 416 680
33 53 395 653 374 673
34 36 395 708 369 735
34 54 395 708 370 730
35 55 587 523 609 495
36 44 369 735 392 757
36 54 369 735 370 730
37 45 484 632 464 611
37 56 484 632 461 661
38 46 306 653 281 624
38 57 306 653 330 675
39 59 435 587 457 558
39 61 435 587 407 613
40 62 531 518 510 546
40 63 531 518 505 545
41 42 468 608 471 608
41 45 468 608 464 611
42 65 471 608 492 629
43 68 337 525 312 547
44 71 392 757 367 780
44 73 392 757 418 728
45 76 464 611 485 584
46 82 281 624 256 644
46 83 281 624 307 652
47 88 423 631 400 606
47 89 423 631 443 660
48 64 379 624 401 599
48 90 379 624 357 604
49 91 556 556 582 578
49 93 556 556 534 528
50 92 299 605 278 581
50 96 299 605 277 585
51 81 370 512 395 488
51 97 370 512 398 483
52 77 416 680 445 700
52 98 416 680 445 652
53 60 374 673 400 645
53 70 374 673 350 693
54 67 370 730 347 752
55 79 609 495 636 524
55 95 609 495 637 467
56 89 461 661 443 660
56 98 461 661 445 652
57 58 330 675 358 696
57 101 330 675 309 652
58 70 358 696 350 693
58 102 358 696 332 673
59 85 457 558 480 535
59 86 457 558 454 556
60 105 400 645 372 619
60 109 400 645 373 625
61 64 407 613 401 599
61 66 407 613 385 586
62 63 510 546 505 545
62 106 510 546 531 526
63 69 505 545 483 523
64 88 401 599 400 606
65 110 492 629 465 650
65 112 492 629 521 607
66 78 385 586 413 566
66 107 385 586 412 563
67 72 347 752 325 732
67 75 347 752 346 755
68 94 312 547 289 523
68 100 312 547 291 523
69 74 483 523 504 496
69 85 483 523 480 535
70 113 350 693 376 673
71 75 367 780 346 755
71 115 367 780 345 754
72 119 325 732 296 703
72 120 325 732 305 761
73 122 418 728 396 754
73 124 418 728 397 706
74 80 504 496 525 473
74 108 504 496 510 502
75 115 346 755 345 754
76 128 485 584 509 558
76 130 485 584 508 561
77 133 445 700 420 671
77 134 445 700 423 722
78 104 413 566 435 593
78 107 413 566 412 563
79 99 636 524 614 497
79 137 636 524 664 498
80 84 525 473 500 446
80 138 525 473 502 495
81 97 395 488 398 483
81 141 395 488 366 517
82 103 256 644 285 665
82 117 256 644 282 617
83 101 307 652 309 652
83 114 307 652 285 674
84 145 500 446 480 424
84 154 500 446 480 467
85 86 480 535 454 556
86 87 454 556 432 530
87 157 432 530 412 509
87 158 432 530 410 551
88 121 400 606 409 622
89 131 443 660 420 688
90 153 357 604 377 625
90 159 357 604 329 630
91 163 582 578 557 598
91 166 582 578 559 605
92 96 278 581 277 585
92 111 278 581 256 604
93 106 534 528 531 526
93 108 534 528 510 502
94 100 289 523 291 523
94 129 289 523 264 550
95 139 637 467 657 490
95 156 637 467 639 469
96 152 277 585 256 612
97 146 398 483 392 496
98 132 445 652 472 628
99 156 614 497 639 469
99 169 614 497 643 475
100 118 291 523 266 499
101 136 309 652 331 629
102 123 332 673 353 646
102 155 332 673 361 648
103 114 285 665 285 674
103 170 285 665 306 645
104 121 435 593 409 622
104 171 435 593 461 568
105 109 372 619 373 625
105 153 372 619 377 625
106 116 531 526 505 497
107 158 412 563 410 551
108 116 510 502 505 497
109 125 373 625 349 650
110 126 465 650 492 676
110 144 465 650 436 672
111 148 256 604 283 625
111 152 256 604 256 612
112 162 521 607 497 585
112 172 521 607 543 632
113 161 376 673 387 671
113 168 376 673 347 648
114 174 285 674 313 700
115 175 345 754 320 780
116 138 505 497 502 495
117 148 282 617 283 625
117 177 282 617 307 644
118 140 266 499 243 476
118 147 266 499 288 520
119 174 296 703 313 700
119 180 296 703 270 682
120 127 305 761 277 790
120 149 305 761 278 785
121 160 409 622 381 644
122 181 396 754 367 779
122 182 396 754 372 775
123 125 353 646 349 650
123 155 353 646 361 648
124 183 397 706 425 733
124 184 397 706 409 692
125 167 349 650 321 623
126 164 492 676 521 703
126 178 492 676 466 652
127 149 277 790 278 785
127 187 277 790 304 763
128 130 509 558 508 561
128 188 509 558 483 584
129 143 264 550 288 522
129 189 264 550 242 575
130 190 508 561 535 535
131 133 420 688 420 671
131 142 420 688 416 678
132 176 472 628 450 650
132 192 472 628 450 649
133 135 420 671 441 700
134 183 423 722 425 733
134 186 423 722 418 726
135 142 441 700 416 678
135 186 441 700 418 726
136 159 331 629 329 630
136 167 331 629 321 623
137 139 664 498 657 490
137 173 664 498 687 477
138 193 502 495 482 469
139 195 657 490 680 468
140 197 243 476 271 449
140 198 243 476 221 496
141 146 366 517 392 496
141 199 366 517 393 490
143 147 288 522 288 520
143 150 288 522 261 500
144 184 436 672 409 692
146 199 392 496 393 490
147 151 288 520 263 496
148 185 283 625 282 616
149 165 278 785 255 761
150 151 261 500 263 496
152 191 256 612 228 589
153 160 377 625 381 644
154 193 480 467 482 469
154 194 480 467 501 494
155 161 361 648 387 671
156 169 639 469 643 475
159 179 329 630 351 654
162 188 497 585 483 584
163 166 557 598 559 605
168 179 347 648 351 654
169 196 643 475 614 503
170 177 306 645 307 644
170 185 306 645 282 616
173 195 687 477 680 468
176 178 450 650 466 652
176 192 450 650 450 649
181 182 367 779 372 775
189 191 242 575 228 589
