50 3 58 2.32
0 9 10 11 12 13 14 16 17 18 19 20 21 22 23 24 25 26 28 29 34 39 41 42 43 
0 1 500 500 480 521
0 2 500 500 479 471
0 21 500 500 501 486
2 3 479 471 452 448
2 4 479 471 452 442
3 4 452 448 452 442
3 7 452 448 451 442
4 5 452 442 474 415
5 6 474 415 451 395
5 7 474 415 451 442
6 8 451 395 475 375
6 9 451 395 471 375
7 10 451 442 480 462
8 9 475 375 471 375
8 11 475 375 499 403
9 13 471 375 444 395
10 14 480 462 452 484
10 15 480 462 509 434
11 12 499 403 523 424
11 16 499 403 524 383
12 15 523 424 509 434
12 17 523 424 548 452
13 18 444 395 422 372
13 22 444 395 473 366
14 23 452 484 429 511
14 25 452 484 428 455
15 20 509 434 480 461
16 27 524 383 549 408
16 28 524 383 552 362
17 30 548 452 577 425
17 36 548 452 570 475
18 19 422 372 450 345
18 39 422 372 447 397
19 24 450 345 428 325
19 31 450 345 454 351
20 21 480 461 501 486
20 32 480 461 460 440
21 41 501 486 529 509
22 42 473 366 502 386
23 26 429 511 401 537
23 34 429 511 423 512
24 29 428 325 449 303
24 31 428 325 454 351
25 33 428 455 404 480
25 43 428 455 401 482
26 34 401 537 423 512
26 40 401 537 422 511
28 48 552 362 581 342
29 37 449 303 476 329
29 38 449 303 427 277
33 43 404 480 401 482
34 35 423 512 443 487
39 44 447 397 476 418
41 49 529 509 553 489
42 45 502 386 531 364
42 47 502 386 502 388
43 46 401 482 376 459
45 47 531 364 502 388
