100 3 127 2.54
16 26 27 28 32 36 38 41 42 43 44 45 46 51 52 53 54 56 60 62 63 64 65 83 87 
0 1 500 500 529 521
0 9 500 500 496 503
0 39 500 500 487 503
1 2 529 521 558 541
1 5 529 521 500 547
2 3 558 541 532 565
2 4 558 541 535 564
3 4 532 565 535 564
3 8 532 565 532 571
4 6 535 564 511 543
5 6 500 547 511 543
5 7 500 547 472 524
6 8 511 543 532 571
7 9 472 524 496 503
7 11 472 524 449 495
8 10 532 571 555 595
9 12 496 503 471 525
10 14 555 595 530 575
10 15 555 595 583 621
11 16 449 495 428 473
11 17 449 495 469 520
12 13 471 525 442 548
12 17 471 525 469 520
13 18 442 548 469 568
13 19 442 548 467 526
14 20 530 575 551 547
14 21 530 575 508 604
15 22 583 621 608 648
15 27 583 621 560 644
16 28 428 473 454 445
16 45 428 473 449 502
17 19 469 520 467 526
18 24 469 568 492 541
18 33 469 568 468 568
19 39 467 526 487 503
20 30 551 547 551 555
20 34 551 547 556 556
21 29 508 604 531 578
21 32 508 604 486 580
22 23 608 648 635 625
22 25 608 648 636 624
23 25 635 625 636 624
23 26 635 625 661 602
24 33 492 541 468 568
24 40 492 541 464 519
25 31 636 624 616 645
26 42 661 602 633 580
26 44 661 602 689 631
27 37 560 644 583 624
27 53 560 644 539 619
28 36 454 445 477 418
28 38 454 445 478 419
29 30 531 578 551 555
29 34 531 578 556 556
30 35 551 555 573 532
31 54 616 645 639 621
31 66 616 645 593 622
32 70 486 580 461 552
32 72 486 580 508 551
33 48 468 568 440 593
34 49 556 556 583 535
35 49 573 532 583 535
35 52 573 532 597 512
36 38 477 418 478 419
36 41 477 418 449 394
37 66 583 624 593 622
37 71 583 624 610 598
38 43 478 419 503 392
39 46 487 503 511 480
40 47 464 519 486 541
40 58 464 519 485 491
41 51 449 394 470 416
41 65 449 394 445 396
42 60 633 580 658 608
42 61 633 580 607 556
43 73 503 392 526 363
43 76 503 392 523 367
44 56 689 631 716 606
44 81 689 631 713 652
45 50 449 502 469 480
45 63 449 502 422 528
46 74 511 480 536 501
46 83 511 480 484 505
47 55 486 541 460 569
47 64 486 541 509 516
48 75 440 593 441 578
48 79 440 593 415 568
49 80 583 535 608 560
50 58 469 480 485 491
50 59 469 480 460 468
51 65 470 416 445 396
51 84 470 416 441 393
52 62 597 512 623 536
52 85 597 512 572 484
53 86 539 619 518 592
53 87 539 619 567 640
54 90 639 621 617 599
54 93 639 621 665 644
55 57 460 569 435 546
55 70 460 569 461 552
56 88 716 606 742 580
56 91 716 606 743 586
57 68 435 546 455 517
57 69 435 546 429 541
58 59 485 491 460 468
59 67 460 468 487 488
60 92 658 608 681 582
60 95 658 608 682 632
61 80 607 556 608 560
61 96 607 556 634 533
62 96 623 536 634 533
62 98 623 536 648 556
63 99 422 528 450 552
64 77 509 516 532 540
64 94 509 516 484 494
65 82 445 396 425 423
67 83 487 488 484 505
67 94 487 488 484 494
68 69 455 517 429 541
69 78 429 541 406 565
70 75 461 552 441 578
71 90 610 598 617 599
73 76 526 363 523 367
78 79 406 565 415 568
83 97 484 505 455 476
87 89 567 640 589 665
88 91 742 580 743 586
