50 6 75 3.0
2 3 5 6 7 8 9 10 12 13 15 17 18 22 24 29 31 34 40 
0 1 500 500 476 520
0 2 500 500 477 473
0 4 500 500 474 523
0 12 500 500 499 497
0 14 500 500 499 494
1 3 476 520 504 549
1 4 476 520 474 523
1 19 476 520 470 523
1 20 476 520 475 517
2 5 477 473 505 446
2 8 477 473 451 447
2 14 477 473 499 494
2 27 477 473 477 474
3 10 504 549 479 573
3 11 504 549 503 552
3 22 504 549 490 543
3 40 504 549 511 563
4 6 474 523 447 494
4 11 474 523 503 552
4 12 474 523 499 497
4 19 474 523 470 523
5 7 505 446 479 419
6 15 447 494 427 473
6 19 447 494 470 523
6 20 447 494 475 517
6 35 447 494 425 515
7 16 479 419 507 398
7 34 479 419 508 397
8 9 451 447 425 424
8 23 451 447 425 421
8 39 451 447 422 469
9 17 425 424 403 449
9 23 425 424 425 421
10 13 479 573 451 602
10 25 479 573 457 551
10 26 479 573 508 595
11 22 503 552 490 543
11 40 503 552 511 563
12 14 499 497 499 494
12 18 499 497 526 471
12 27 499 497 477 474
13 24 451 602 477 626
13 33 451 602 454 601
13 48 451 602 424 575
15 38 427 473 401 496
15 39 427 473 422 469
16 34 507 398 508 397
16 43 507 398 531 419
17 28 403 449 375 475
17 36 403 449 383 425
18 21 526 471 554 500
18 30 526 471 554 496
19 20 470 523 475 517
19 22 470 523 490 543
21 30 554 500 554 496
22 40 490 543 511 563
22 47 490 543 513 523
24 33 477 626 454 601
24 46 477 626 448 647
25 29 457 551 432 572
25 31 457 551 432 576
29 31 432 572 432 576
29 32 432 572 405 600
29 42 432 572 403 596
29 45 432 572 404 600
29 48 432 572 424 575
31 48 432 576 424 575
31 49 432 576 410 549
32 42 405 600 403 596
32 45 405 600 404 600
34 37 508 397 534 418
34 41 508 397 531 373
37 43 534 418 531 419
40 44 511 563 535 589
42 45 403 596 404 600
