200 5 400 4.0
7 30 43 69 75 80 82 83 84 92 102 106 116 128 135 140 141 149 150 166 
0 1 500 500 476 521
0 2 500 500 496 494
0 3 500 500 525 521
0 16 500 500 498 489
0 33 500 500 500 502
1 2 476 521 496 494
1 4 476 521 448 550
1 22 476 521 479 531
1 24 476 521 466 527
2 7 496 494 523 516
2 14 496 494 473 470
2 16 496 494 498 489
3 7 525 521 523 516
3 23 525 521 526 512
3 185 525 521 532 535
4 5 448 550 420 577
4 8 448 550 472 578
4 12 448 550 424 573
4 19 448 550 444 551
5 6 420 577 443 602
5 12 420 577 424 573
5 13 420 577 399 598
5 18 420 577 393 551
6 10 443 602 421 626
6 11 443 602 465 578
6 28 443 602 445 602
6 29 443 602 415 626
7 9 523 516 549 496
7 15 523 516 543 489
7 16 523 516 498 489
8 11 472 578 465 578
8 19 472 578 444 551
8 21 472 578 500 555
8 35 472 578 448 549
9 15 549 496 543 489
10 25 421 626 442 655
10 29 421 626 415 626
10 31 421 626 422 624
10 52 421 626 396 652
11 53 465 578 436 551
11 78 465 578 467 575
11 95 465 578 483 574
12 28 424 573 445 602
12 40 424 573 398 598
12 51 424 573 402 597
13 31 399 598 422 624
13 40 399 598 398 598
13 51 399 598 402 597
13 72 399 598 385 605
14 17 473 470 493 445
14 26 473 470 494 441
14 39 473 470 445 490
14 70 473 470 482 482
16 23 498 489 526 512
16 27 498 489 477 517
17 26 493 445 494 441
17 42 493 445 472 422
17 46 493 445 468 416
17 61 493 445 497 434
18 20 393 551 369 524
18 37 393 551 396 546
18 56 393 551 371 522
18 66 393 551 373 579
19 24 444 551 466 527
19 35 444 551 448 549
19 36 444 551 453 540
20 30 369 524 347 550
20 37 369 524 396 546
20 43 369 524 391 503
20 47 369 524 398 498
21 22 500 555 479 531
21 34 500 555 479 535
21 38 500 555 526 579
21 45 500 555 497 537
22 24 479 531 466 527
22 27 479 531 477 517
22 33 479 531 500 502
23 44 526 512 499 486
23 45 526 512 497 537
23 49 526 512 552 541
24 27 466 527 477 517
24 34 466 527 479 535
25 65 442 655 414 633
25 67 442 655 470 631
25 69 442 655 468 681
25 71 442 655 470 628
26 32 494 441 523 413
26 61 494 441 497 434
26 73 494 441 502 442
27 34 477 517 479 535
27 36 477 517 453 540
28 58 445 602 447 599
28 74 445 602 472 630
28 78 445 602 467 575
29 31 415 626 422 624
29 50 415 626 387 648
29 65 415 626 414 633
30 48 347 550 327 527
30 64 347 550 318 571
30 85 347 550 341 547
30 90 347 550 324 573
31 58 422 624 447 599
31 65 422 624 414 633
32 60 523 413 503 384
32 61 523 413 497 434
32 73 523 413 502 442
32 94 523 413 544 434
33 44 500 502 499 486
33 83 500 502 503 511
33 105 500 502 471 478
34 41 479 535 459 511
34 45 479 535 497 537
35 36 448 549 453 540
35 53 448 549 436 551
35 63 448 549 434 536
36 63 453 540 434 536
36 77 453 540 473 518
37 111 396 546 389 553
37 115 396 546 375 571
37 117 396 546 370 518
38 76 526 579 505 601
38 82 526 579 533 572
38 118 526 579 506 607
38 125 526 579 501 607
39 54 445 490 437 484
39 126 445 490 416 461
39 127 445 490 435 503
39 131 445 490 423 470
40 51 398 598 402 597
40 57 398 598 376 627
40 59 398 598 369 619
41 54 459 511 437 484
41 63 459 511 434 536
41 68 459 511 462 508
41 77 459 511 473 518
42 46 472 422 468 416
42 84 472 422 446 399
42 86 472 422 475 419
42 106 472 422 449 448
43 47 391 503 398 498
43 93 391 503 414 531
43 135 391 503 390 490
43 147 391 503 370 476
44 70 499 486 482 482
44 89 499 486 477 462
44 103 499 486 479 465
45 151 497 537 469 509
45 152 497 537 469 557
46 86 468 416 475 419
46 142 468 416 470 421
46 143 468 416 479 411
47 135 398 498 390 490
47 175 398 498 373 526
47 179 398 498 389 486
49 176 552 541 556 548
50 52 387 648 396 652
50 55 387 648 364 624
50 62 387 648 405 652
50 101 387 648 388 653
51 72 402 597 385 605
51 81 402 597 429 571
52 62 396 652 405 652
52 101 396 652 388 653
52 168 396 652 370 624
53 63 436 551 434 536
53 145 436 551 446 546
53 156 436 551 432 550
54 120 437 484 417 507
54 127 437 484 435 503
54 131 437 484 423 470
55 57 364 624 376 627
55 59 364 624 369 619
55 101 364 624 388 653
55 116 364 624 343 599
56 117 371 522 370 518
56 132 371 522 393 551
56 165 371 522 362 533
56 175 371 522 373 526
57 59 376 627 369 619
57 62 376 627 405 652
57 119 376 627 348 651
59 87 369 619 343 645
59 114 369 619 345 591
60 91 503 384 478 359
60 112 503 384 505 388
60 124 503 384 531 362
60 143 503 384 479 411
61 73 497 434 502 442
61 148 497 434 468 412
62 99 405 652 431 631
62 101 405 652 388 653
63 68 434 536 462 508
64 75 318 571 293 551
64 85 318 571 341 547
64 90 318 571 324 573
64 113 318 571 317 580
65 72 414 633 385 605
65 99 414 633 431 631
66 115 373 579 375 571
66 123 373 579 374 567
66 138 373 579 375 573
66 139 373 579 401 599
67 71 470 631 470 628
67 74 470 631 472 630
67 98 470 631 469 630
67 108 470 631 449 653
68 70 462 508 482 482
68 77 462 508 473 518
68 151 462 508 469 509
69 88 468 681 493 655
69 109 468 681 489 658
69 157 468 681 447 704
69 162 468 681 440 704
70 83 482 482 503 511
70 103 482 482 479 465
71 74 470 628 472 630
71 79 470 628 498 603
71 98 470 628 469 630
72 121 385 605 402 597
72 122 385 605 414 628
73 86 502 442 475 419
73 97 502 442 525 414
74 98 472 630 469 630
74 140 472 630 501 650
75 80 293 551 272 578
75 92 293 551 266 571
75 113 293 551 317 580
75 144 293 551 313 573
76 79 505 601 498 603
76 82 505 601 533 572
76 95 505 601 483 574
76 118 505 601 506 607
77 145 473 518 446 546
77 146 473 518 445 494
78 95 467 575 483 574
78 137 467 575 496 604
78 150 467 575 491 599
79 98 498 603 469 630
79 118 498 603 506 607
79 125 498 603 501 607
80 92 272 578 266 571
80 100 272 578 293 603
80 128 272 578 249 607
80 153 272 578 301 606
81 121 429 571 402 597
81 159 429 571 409 595
81 170 429 571 401 592
81 174 429 571 409 546
82 173 533 572 553 601
82 176 533 572 556 548
82 183 533 572 510 548
83 184 503 511 476 534
83 185 503 511 532 535
83 192 503 511 475 537
84 130 446 399 449 391
84 149 446 399 473 378
84 193 446 399 421 370
84 194 446 399 466 424
85 134 341 547 349 546
85 182 341 547 346 547
85 196 341 547 318 575
86 130 475 419 449 391
86 142 475 419 470 421
87 119 343 645 348 651
88 109 493 655 489 658
88 140 493 655 501 650
89 103 477 462 479 465
89 105 477 462 471 478
89 161 477 462 474 468
89 163 477 462 472 474
90 96 324 573 353 597
90 113 324 573 317 580
90 144 324 573 313 573
91 102 478 359 499 336
91 149 478 359 473 378
91 180 478 359 473 369
92 166 266 571 287 545
93 111 414 531 389 553
93 127 414 531 435 503
93 136 414 531 412 527
93 174 414 531 409 546
94 110 544 434 545 436
94 141 544 434 554 439
95 198 483 574 456 550
96 114 353 597 345 591
96 116 353 597 343 599
96 138 353 597 375 573
96 158 353 597 327 576
97 110 525 414 545 436
97 112 525 414 505 388
97 129 525 414 529 415
97 199 525 414 516 415
98 187 469 630 473 624
99 104 431 631 406 603
99 107 431 631 417 631
99 122 431 631 414 628
100 153 293 603 301 606
101 107 388 653 417 631
102 133 499 336 471 310
102 195 499 336 506 342
103 105 479 465 471 478
103 161 479 465 474 468
104 121 406 603 402 597
104 139 406 603 401 599
104 159 406 603 409 595
104 170 406 603 401 592
105 161 471 478 474 468
105 163 471 478 472 474
106 142 449 448 470 421
106 163 449 448 472 474
106 191 449 448 421 425
107 122 417 631 414 628
108 187 449 653 473 624
109 140 489 658 501 650
110 141 545 436 554 439
110 199 545 436 516 415
111 132 389 553 393 551
111 160 389 553 391 540
111 165 389 553 362 533
112 129 505 388 529 415
113 144 317 580 313 573
113 158 317 580 327 576
114 116 345 591 343 599
114 123 345 591 374 567
114 172 345 591 370 611
115 123 375 571 374 567
115 138 375 571 375 573
116 167 343 599 321 624
116 190 343 599 346 594
117 160 370 518 391 540
117 165 370 518 362 533
117 175 370 518 373 526
118 125 506 607 501 607
118 137 506 607 496 604
120 127 417 507 435 503
120 171 417 507 435 506
121 139 402 597 401 599
121 159 402 597 409 595
123 134 374 567 349 546
123 138 374 567 375 573
124 195 531 362 506 342
125 137 501 607 496 604
125 150 501 607 491 599
126 131 416 461 423 470
126 135 416 461 390 490
126 164 416 461 422 466
126 179 416 461 389 486
127 136 435 503 412 527
128 177 249 607 273 633
128 188 249 607 228 585
129 141 529 415 554 439
129 199 529 415 516 415
130 180 449 391 473 369
131 164 423 470 422 466
132 160 393 551 391 540
132 174 393 551 409 546
134 165 349 546 362 533
134 182 349 546 346 547
135 179 390 490 389 486
135 186 390 490 363 514
136 156 412 527 432 550
136 171 412 527 435 506
136 174 412 527 409 546
137 150 496 604 491 599
137 189 496 604 467 630
138 190 375 573 346 594
139 159 401 599 409 595
139 170 401 599 401 592
140 169 501 650 523 671
141 178 554 439 583 416
142 143 470 421 479 411
142 148 470 421 468 412
143 148 479 411 468 412
143 194 479 411 466 424
144 158 313 573 327 576
144 196 313 573 318 575
145 156 446 546 432 550
145 181 446 546 444 538
145 198 446 546 456 550
146 161 445 494 474 468
146 164 445 494 422 466
146 171 445 494 435 506
148 194 468 412 466 424
149 155 473 378 447 353
149 180 473 378 473 369
150 154 491 599 511 575
151 181 469 509 444 538
152 198 469 557 456 550
156 181 432 550 444 538
157 162 447 704 440 704
158 196 327 576 318 575
159 170 409 595 401 592
161 163 474 468 472 474
165 175 362 533 373 526
166 197 287 545 264 523
168 172 370 624 370 611
175 182 373 526 346 547
181 198 444 538 456 550
184 192 476 534 475 537
187 189 473 624 467 630
