100 7 206 4.12
11 12 13 18 35 36 39 43 44 48 49 52 53 65 72 77 81 
0 1 500 500 525 476
0 3 500 500 474 471
0 43 500 500 497 496
0 55 500 500 502 496
1 2 525 476 549 498
1 8 525 476 501 454
1 68 525 476 528 473
2 4 549 498 577 472
2 5 549 498 572 470
2 11 549 498 526 518
2 75 549 498 548 499
3 12 474 471 494 449
3 25 474 471 447 446
3 36 474 471 473 469
3 67 474 471 468 473
3 91 474 471 476 471
4 5 577 472 572 470
4 17 577 472 553 451
4 22 577 472 574 476
4 31 577 472 575 479
4 64 577 472 572 467
5 6 572 470 599 490
5 22 572 470 574 476
5 31 572 470 575 479
5 33 572 470 601 443
5 64 572 470 572 467
6 7 599 490 627 519
6 10 599 490 622 516
6 14 599 490 627 462
6 16 599 490 578 512
6 27 599 490 595 487
6 46 599 490 607 495
7 9 627 519 653 493
7 10 627 519 622 516
7 28 627 519 624 515
7 37 627 519 617 523
7 46 627 519 607 495
7 50 627 519 623 516
8 12 501 454 494 449
9 18 653 493 681 517
9 20 653 493 655 484
9 23 653 493 674 522
9 30 653 493 656 486
9 32 653 493 673 468
9 34 653 493 642 489
10 19 622 516 602 545
10 24 622 516 645 545
10 27 622 516 595 487
10 28 622 516 624 515
10 34 622 516 642 489
11 43 526 518 497 496
11 48 526 518 546 538
11 51 526 518 503 544
11 55 526 518 502 496
12 13 494 449 466 425
12 67 494 449 468 473
13 21 466 425 445 398
14 15 627 462 651 435
14 20 627 462 655 484
14 30 627 462 656 486
14 47 627 462 623 460
14 61 627 462 627 459
14 74 627 462 605 482
15 38 651 435 677 415
15 41 651 435 648 437
15 45 651 435 678 412
15 61 651 435 627 459
15 82 651 435 671 462
16 26 578 512 578 518
16 40 578 512 573 519
17 22 553 451 574 476
17 31 553 451 575 479
17 76 553 451 552 451
18 23 681 517 674 522
18 29 681 517 666 521
18 49 681 517 685 513
18 53 681 517 671 515
18 56 681 517 655 489
18 99 681 517 703 489
19 26 602 545 578 518
19 35 602 545 623 566
19 40 602 545 573 519
19 57 602 545 626 525
19 70 602 545 597 537
19 77 602 545 603 542
20 30 655 484 656 486
20 34 655 484 642 489
20 54 655 484 644 490
20 56 655 484 655 489
20 85 655 484 649 493
22 31 574 476 575 479
22 64 574 476 572 467
23 29 674 522 666 521
23 49 674 522 685 513
23 53 674 522 671 515
23 89 674 522 653 498
24 29 645 545 666 521
24 37 645 545 617 523
24 50 645 545 623 516
24 94 645 545 646 551
25 36 447 446 473 469
26 40 578 518 573 519
27 28 595 487 624 515
27 46 595 487 607 495
27 47 595 487 623 460
27 60 595 487 594 494
27 69 595 487 592 496
28 37 624 515 617 523
28 50 624 515 623 516
28 57 624 515 626 525
28 63 624 515 617 512
29 53 666 521 671 515
30 34 656 486 642 489
30 49 656 486 685 513
30 54 656 486 644 490
30 56 656 486 655 489
31 64 575 479 572 467
31 75 575 479 548 499
32 54 673 468 644 490
32 73 673 468 682 461
32 82 673 468 671 462
33 39 601 443 630 416
33 80 601 443 596 440
34 53 642 489 671 515
34 54 642 489 644 490
34 56 642 489 655 489
35 58 623 566 603 591
35 66 623 566 600 586
35 77 623 566 603 542
35 90 623 566 627 559
36 67 473 469 468 473
36 81 473 469 444 493
36 91 473 469 476 471
37 50 617 523 623 516
37 57 617 523 626 525
37 63 617 523 617 512
37 69 617 523 592 496
38 41 677 415 648 437
38 45 677 415 678 412
38 62 677 415 648 386
38 78 677 415 700 438
39 42 630 416 608 395
39 65 630 416 658 394
39 79 630 416 635 423
40 60 573 519 594 494
41 79 648 437 635 423
41 92 648 437 628 458
43 44 497 496 477 517
43 55 497 496 502 496
44 52 477 517 449 546
45 83 678 412 706 441
46 60 607 495 594 494
46 63 607 495 617 512
46 69 607 495 592 496
46 74 607 495 605 482
47 61 623 460 627 459
47 80 623 460 596 440
47 87 623 460 644 486
47 92 623 460 628 458
48 59 546 538 524 562
49 53 685 513 671 515
49 71 685 513 665 541
50 57 623 516 626 525
50 63 623 516 617 512
50 85 623 516 649 493
52 72 449 546 425 570
53 88 671 515 695 543
54 56 644 490 655 489
54 63 644 490 617 512
54 85 644 490 649 493
55 68 502 496 528 473
55 91 502 496 476 471
56 73 655 489 682 461
56 85 655 489 649 493
57 63 626 525 617 512
57 94 626 525 646 551
58 66 603 591 600 586
60 64 594 494 572 467
60 69 594 494 592 496
60 74 594 494 605 482
60 84 594 494 601 494
61 92 627 459 628 458
62 65 648 386 658 394
63 70 617 512 597 537
64 84 572 467 601 494
65 79 658 394 635 423
65 97 658 394 630 365
66 90 600 586 627 559
67 91 468 473 476 471
68 76 528 473 552 451
69 74 592 496 605 482
69 84 592 496 601 494
70 77 597 537 603 542
72 93 425 570 404 544
72 96 425 570 450 596
73 82 682 461 671 462
73 86 682 461 708 432
74 84 605 482 601 494
77 95 603 542 579 571
78 83 700 438 706 441
78 86 700 438 708 432
81 98 444 493 424 514
83 86 706 441 708 432
85 87 649 493 644 486
85 89 649 493 653 498
87 89 644 486 653 498
