100 3 127 2.54
1 13 29 32 34 37 40 42 43 44 47 48 51 53 54 58 61 62 63 74 80 81 88 90 
0 1 500 500 527 525
1 2 527 525 553 498
1 51 527 525 518 513
2 3 553 498 573 523
2 4 553 498 546 495
3 4 573 523 546 495
3 6 573 523 595 551
4 5 546 495 573 468
5 7 573 468 548 447
5 8 573 468 548 490
6 10 595 551 617 572
6 11 595 551 569 522
7 9 548 447 521 422
7 12 548 447 519 469
8 14 548 490 571 514
8 19 548 490 573 462
9 13 521 422 492 397
9 24 521 422 542 397
10 15 617 572 637 597
10 21 617 572 597 544
11 14 569 522 571 514
11 16 569 522 595 543
12 33 519 469 539 448
12 53 519 469 511 473
13 34 492 397 468 375
13 64 492 397 495 389
14 18 571 514 597 536
15 27 637 597 617 570
15 31 637 597 613 626
16 17 595 543 569 570
16 18 595 543 597 536
17 20 569 570 592 591
17 22 569 570 590 591
18 21 597 536 597 544
19 26 573 462 596 437
19 29 573 462 596 491
20 22 592 591 590 591
20 28 592 591 614 619
21 23 597 544 571 564
22 30 590 591 615 568
23 25 571 564 599 539
23 32 571 564 545 540
24 35 542 397 522 370
24 37 542 397 569 418
25 39 599 539 627 561
25 41 599 539 627 511
26 43 596 437 624 460
26 46 596 437 619 458
27 30 617 570 615 568
27 39 617 570 627 561
28 31 614 619 613 626
28 36 614 619 643 640
29 38 596 491 621 465
29 40 596 491 575 465
30 45 615 568 640 540
31 47 613 626 633 602
32 48 545 540 522 569
32 51 545 540 518 513
33 52 539 448 512 419
33 53 539 448 511 473
34 44 468 375 442 398
34 54 468 375 444 350
35 56 522 370 547 390
35 58 522 370 493 346
36 59 643 640 615 614
36 73 643 640 617 617
37 61 569 418 591 391
37 75 569 418 542 443
38 43 621 465 624 460
38 46 621 465 619 458
39 42 627 561 651 588
40 57 575 465 554 487
40 67 575 465 552 488
41 50 627 511 656 532
41 62 627 511 655 538
42 76 651 588 675 608
42 79 651 588 671 559
43 83 624 460 601 487
44 69 442 398 421 421
45 50 640 540 656 532
45 62 640 540 655 538
46 82 619 458 593 431
47 49 633 602 607 578
47 55 633 602 608 630
48 95 522 569 502 541
50 81 656 532 680 556
51 66 518 513 546 542
52 60 512 419 520 413
52 63 512 419 527 417
53 92 511 473 531 496
54 88 444 350 421 375
54 93 444 350 468 375
55 59 608 630 615 614
55 73 608 630 617 617
56 60 547 390 520 413
56 63 547 390 527 417
57 67 554 487 552 488
57 71 554 487 577 514
58 65 493 346 471 317
58 68 493 346 516 369
59 74 615 614 588 640
60 64 520 413 495 389
61 77 591 391 611 413
61 84 591 391 614 415
62 90 655 538 675 512
63 97 527 417 554 395
64 72 495 389 489 394
67 70 552 488 579 515
68 72 516 369 489 394
68 78 516 369 512 374
70 71 579 515 577 514
72 78 489 394 512 374
73 80 617 617 590 644
74 80 588 640 590 644
74 85 588 640 612 619
75 94 542 443 564 419
75 98 542 443 563 414
77 84 611 413 614 415
79 81 671 559 680 556
80 87 590 644 570 619
81 96 680 556 706 577
82 86 593 431 572 405
86 94 572 405 564 419
86 98 572 405 563 414
88 89 421 375 396 346
88 91 421 375 393 403
90 99 675 512 699 491
