100 6 207 4.14
8 17 20 23 24 28 30 33 35 40 45 47 48 55 59 68 75 85 
0 1 500 500 523 477
0 2 500 500 473 524
0 4 500 500 501 501
0 27 500 500 501 499
0 94 500 500 496 497
1 6 523 477 523 479
1 7 523 477 546 456
1 41 523 477 528 487
1 42 523 477 523 484
1 44 523 477 518 481
2 3 473 524 452 500
2 4 473 524 501 501
2 5 473 524 478 528
2 9 473 524 445 548
2 10 473 524 445 550
3 5 452 500 478 528
3 12 452 500 473 520
3 20 452 500 454 500
3 36 452 500 448 511
3 67 452 500 445 499
4 6 501 501 523 479
4 8 501 501 526 529
4 27 501 501 501 499
4 94 501 501 496 497
5 12 478 528 473 520
5 15 478 528 452 551
5 18 478 528 477 527
5 20 478 528 454 500
6 11 523 479 551 451
6 16 523 479 497 454
6 41 523 479 528 487
6 42 523 479 523 484
7 11 546 456 551 451
7 13 546 456 519 427
7 29 546 456 547 460
7 61 546 456 558 464
7 71 546 456 549 471
8 14 526 529 498 554
8 25 526 529 500 554
8 47 526 529 555 557
8 81 526 529 534 533
9 10 445 548 445 550
9 15 445 548 452 551
9 21 445 548 465 519
9 22 445 548 444 546
9 33 445 548 455 554
10 15 445 550 452 551
10 22 445 550 444 546
10 33 445 550 455 554
10 46 445 550 471 521
11 29 551 451 547 460
11 61 551 451 558 464
12 18 473 520 477 527
12 21 473 520 465 519
12 22 473 520 444 546
12 27 473 520 501 499
13 17 519 427 525 434
13 26 519 427 520 429
13 37 519 427 531 438
13 57 519 427 526 443
13 70 519 427 496 400
14 18 498 554 477 527
14 25 498 554 500 554
14 34 498 554 476 532
14 39 498 554 496 555
15 22 452 551 444 546
15 28 452 551 428 578
15 33 452 551 455 554
16 17 497 454 525 434
16 19 497 454 472 426
16 26 497 454 520 429
16 32 497 454 503 461
16 44 497 454 518 481
17 23 525 434 551 414
17 26 525 434 520 429
17 29 525 434 547 460
17 32 525 434 503 461
18 21 477 527 465 519
18 31 477 527 475 532
18 34 477 527 476 532
19 24 472 426 443 398
19 38 472 426 476 441
19 48 472 426 464 421
19 62 472 426 446 455
19 69 472 426 473 428
20 36 454 500 448 511
20 54 454 500 429 473
20 67 454 500 445 499
20 72 454 500 427 529
21 31 465 519 475 532
21 34 465 519 476 532
21 36 465 519 448 511
22 33 444 546 455 554
22 63 444 546 423 567
23 40 551 414 529 393
23 52 551 414 550 421
23 84 551 414 571 392
23 98 551 414 579 437
24 30 443 398 423 370
24 35 443 398 448 399
24 48 443 398 464 421
24 60 443 398 445 395
24 78 443 398 472 374
25 31 500 554 475 532
25 39 500 554 496 555
25 86 500 554 471 530
26 37 520 429 531 438
26 57 520 429 526 443
26 93 520 429 527 444
27 50 501 499 527 476
27 53 501 499 529 475
27 94 501 499 496 497
28 63 428 578 423 567
28 66 428 578 454 555
28 92 428 578 431 584
28 96 428 578 456 598
29 42 547 460 523 484
29 61 547 460 558 464
29 71 547 460 549 471
30 35 423 370 448 399
30 55 423 370 449 343
30 56 423 370 399 391
30 60 423 370 445 395
30 99 423 370 420 374
31 33 475 532 455 554
31 34 475 532 476 532
31 36 475 532 448 511
32 37 503 461 531 438
32 38 503 461 476 441
32 41 503 461 528 487
33 51 455 554 478 583
34 39 476 532 496 555
34 46 476 532 471 521
35 49 448 399 428 427
35 60 448 399 445 395
35 69 448 399 473 428
36 45 448 511 423 484
36 67 448 511 445 499
37 57 531 438 526 443
37 61 531 438 558 464
37 93 531 438 527 444
38 43 476 441 500 419
38 68 476 441 497 417
38 69 476 441 473 428
38 80 476 441 447 468
39 83 496 555 467 531
40 52 529 393 550 421
40 89 529 393 551 370
41 42 528 487 523 484
41 44 528 487 518 481
41 50 528 487 527 476
42 44 523 484 518 481
42 50 523 484 527 476
43 57 500 419 526 443
43 68 500 419 497 417
43 70 500 419 496 400
43 93 500 419 527 444
44 50 518 481 527 476
44 53 518 481 529 475
45 54 423 484 429 473
45 73 423 484 449 455
45 75 423 484 394 455
45 79 423 484 397 511
45 82 423 484 424 478
46 67 471 521 445 499
46 83 471 521 467 531
46 86 471 521 471 530
46 94 471 521 496 497
47 81 555 557 534 533
47 97 555 557 575 537
48 58 464 421 439 449
48 69 464 421 473 428
48 77 464 421 469 421
48 87 464 421 485 449
50 53 527 476 529 475
52 65 550 421 571 443
54 80 429 473 447 468
54 82 429 473 424 478
55 59 449 343 476 321
57 71 526 443 549 471
57 93 526 443 527 444
58 62 439 449 446 455
58 73 439 449 449 455
59 64 476 321 449 297
60 99 445 395 420 374
61 71 558 464 549 471
62 73 446 455 449 455
62 80 446 455 447 468
63 92 423 567 431 584
65 98 571 443 579 437
66 92 454 555 431 584
67 74 445 499 474 477
68 70 497 417 496 400
68 76 497 417 469 396
69 77 473 428 469 421
70 77 496 400 469 421
73 80 449 455 447 468
73 82 449 455 424 478
73 88 449 455 470 477
74 88 474 477 470 477
75 90 394 455 373 476
75 91 394 455 370 477
79 85 397 511 396 498
82 85 424 478 396 498
83 86 467 531 471 530
85 95 396 498 376 523
90 91 373 476 370 477
