100 4 157 3.14
1 3 30 35 37 38 43 44 46 47 50 51 54 57 60 64 67 69 74 78 83 94 
0 1 500 500 471 527
0 2 500 500 478 527
1 2 471 527 478 527
1 3 471 527 451 555
3 4 451 555 425 580
3 5 451 555 450 551
3 9 451 555 427 579
4 5 425 580 450 551
4 7 425 580 448 605
4 9 425 580 427 579
5 6 450 551 471 574
6 20 471 574 444 603
6 24 471 574 446 594
6 33 471 574 469 578
7 8 448 605 422 632
7 10 448 605 425 625
7 13 448 605 445 603
8 10 422 632 425 625
8 11 422 632 394 661
8 14 422 632 396 604
9 18 427 579 402 602
9 27 427 579 428 575
10 12 425 625 398 645
10 13 425 625 445 603
11 12 394 661 398 645
11 23 394 661 399 645
11 25 394 661 368 632
12 15 398 645 419 671
12 23 398 645 399 645
13 17 445 603 425 624
13 20 445 603 444 603
14 18 396 604 402 602
14 21 396 604 397 599
14 22 396 604 401 600
15 16 419 671 396 692
15 19 419 671 398 695
15 28 419 671 390 643
16 19 396 692 398 695
16 26 396 692 367 665
16 30 396 692 421 712
17 21 425 624 397 599
17 22 425 624 401 600
17 23 425 624 399 645
18 21 402 602 397 599
18 22 402 602 401 600
19 29 398 695 419 674
19 31 398 695 369 674
20 24 444 603 446 594
20 33 444 603 469 578
21 34 397 599 370 624
22 27 401 600 428 575
23 28 399 645 390 643
24 35 446 594 467 571
24 36 446 594 467 565
25 34 368 632 370 624
25 39 368 632 395 658
25 40 368 632 390 660
26 31 367 665 369 674
26 41 367 665 394 690
26 42 367 665 341 686
27 45 428 575 407 604
27 46 428 575 407 595
28 37 390 643 414 623
28 39 390 643 395 658
29 43 419 674 439 703
29 48 419 674 399 648
29 49 419 674 410 683
30 44 421 712 425 723
30 51 421 712 448 741
30 52 421 712 394 687
31 32 369 674 396 696
31 53 369 674 348 694
32 41 396 696 394 690
32 44 396 696 425 723
32 49 396 696 410 683
33 35 469 578 467 571
33 36 469 578 467 565
34 55 370 624 394 597
34 58 370 624 396 596
35 36 467 571 467 565
35 38 467 571 496 597
36 47 467 565 444 591
37 59 414 623 387 598
37 61 414 623 443 650
37 62 414 623 438 598
38 63 496 597 523 571
38 64 496 597 476 621
38 65 496 597 475 573
39 40 395 658 390 660
39 48 395 658 399 648
40 48 390 660 399 648
40 49 390 660 410 683
41 52 394 690 394 687
41 56 394 690 368 663
42 53 341 686 348 694
42 67 341 686 346 686
42 68 341 686 315 715
43 50 439 703 464 682
43 74 439 703 468 725
43 76 439 703 464 683
44 77 425 723 397 752
44 78 425 723 451 699
45 46 407 604 407 595
45 55 407 604 394 597
45 58 407 604 396 596
46 55 407 595 394 597
46 57 407 595 383 566
47 62 444 591 438 598
47 66 444 591 420 615
47 79 444 591 420 570
48 82 399 648 374 623
49 52 410 683 394 687
50 76 464 682 464 683
50 83 464 682 487 659
50 85 464 682 444 707
51 69 448 741 423 766
51 80 448 741 445 745
51 87 448 741 425 719
52 75 394 687 392 688
53 54 348 694 319 722
53 67 348 694 346 686
54 68 319 722 315 715
54 88 319 722 344 701
54 91 319 722 293 694
55 58 394 597 396 596
56 60 368 663 345 639
56 67 368 663 346 686
56 75 368 663 392 688
57 92 383 566 363 545
57 93 383 566 363 542
57 99 383 566 362 591
58 59 396 596 387 598
59 89 387 598 361 627
60 70 345 639 324 611
60 71 345 639 373 617
60 86 345 639 371 611
62 90 438 598 409 625
64 73 476 621 500 596
66 90 420 615 409 625
67 72 346 686 325 666
68 95 315 715 292 690
69 80 423 766 445 745
69 97 423 766 447 790
71 82 373 617 374 623
71 86 373 617 371 611
71 89 373 617 361 627
74 96 468 725 489 696
78 81 451 699 426 677
78 84 451 699 428 678
78 85 451 699 444 707
81 84 426 677 428 678
82 86 374 623 371 611
82 89 374 623 361 627
83 94 487 659 509 636
91 95 293 694 292 690
92 93 363 545 363 542
94 98 509 636 531 608
