150 6 318 4.24
17 24 34 44 48 51 57 59 60 61 72 80 81 95 100 106 112 113 139 
0 1 500 500 475 529
0 2 500 500 520 520
0 4 500 500 473 529
1 4 475 529 473 529
1 26 475 529 477 526
1 32 475 529 477 540
1 108 475 529 477 534
1 127 475 529 474 521
2 3 520 520 548 493
2 8 520 520 523 533
2 22 520 520 519 529
2 47 520 520 527 514
2 55 520 520 519 523
3 9 548 493 552 511
3 10 548 493 574 468
3 18 548 493 553 492
3 138 548 493 550 487
3 147 548 493 547 493
4 5 473 529 450 504
4 6 473 529 501 553
4 7 473 529 451 503
4 26 473 529 477 526
5 7 450 504 451 503
5 13 450 504 424 526
5 27 450 504 421 531
5 136 450 504 449 498
6 8 501 553 523 533
6 15 501 553 527 581
6 16 501 553 498 561
6 19 501 553 472 573
6 20 501 553 499 555
7 26 451 503 477 526
7 36 451 503 427 474
7 136 451 503 449 498
8 9 523 533 552 511
8 16 523 533 498 561
8 20 523 533 499 555
8 22 523 533 519 529
9 12 552 511 572 540
9 18 552 511 553 492
9 28 552 511 551 520
9 53 552 511 545 514
10 11 574 468 594 442
10 18 574 468 553 492
10 33 574 468 597 444
10 44 574 468 575 471
10 58 574 468 573 468
11 14 594 442 620 471
11 29 594 442 600 445
11 33 594 442 597 444
11 49 594 442 598 448
11 68 594 442 598 449
12 28 572 540 551 520
12 34 572 540 598 560
12 53 572 540 545 514
12 70 572 540 572 543
12 73 572 540 600 566
13 23 424 526 401 498
13 27 424 526 421 531
13 41 424 526 401 504
13 48 424 526 401 499
13 63 424 526 395 506
14 17 620 471 645 449
14 29 620 471 600 445
14 43 620 471 623 471
14 131 620 471 626 468
15 30 527 581 526 588
15 42 527 581 521 576
15 45 527 581 556 601
15 46 527 581 519 575
15 66 527 581 531 584
16 20 498 561 499 555
16 30 498 561 526 588
16 32 498 561 477 540
16 35 498 561 498 550
17 21 645 449 623 423
17 24 645 449 674 420
17 38 645 449 616 423
17 59 645 449 624 424
17 87 645 449 672 423
18 44 553 492 575 471
18 47 553 492 527 514
18 83 553 492 573 515
19 35 472 573 498 550
19 52 472 573 445 546
19 64 472 573 444 593
19 94 472 573 497 548
19 95 472 573 492 598
20 22 499 555 519 529
20 35 499 555 498 550
20 39 499 555 500 550
21 38 623 423 616 423
21 49 623 423 598 448
21 59 623 423 624 424
21 76 623 423 598 402
21 104 623 423 601 452
22 37 519 529 545 550
22 47 519 529 527 514
22 55 519 529 519 523
23 25 401 498 377 524
23 41 401 498 401 504
23 48 401 498 401 499
23 63 401 498 395 506
23 77 401 498 425 527
24 80 674 420 695 446
24 87 674 420 672 423
24 130 674 420 698 399
25 60 377 524 402 551
25 85 377 524 375 533
26 32 477 526 477 540
26 39 477 526 500 550
26 108 477 526 477 534
27 77 421 531 425 527
27 84 421 531 449 555
27 116 421 531 426 531
27 121 421 531 431 526
28 53 551 520 545 514
28 97 551 520 574 493
28 106 551 520 576 542
29 31 600 445 580 425
29 33 600 445 597 444
29 43 600 445 623 471
29 49 600 445 598 448
30 42 526 588 521 576
30 46 526 588 519 575
30 50 526 588 552 562
30 66 526 588 531 584
31 40 580 425 574 419
31 57 580 425 569 421
31 86 580 425 606 448
31 93 580 425 603 449
31 98 580 425 609 453
32 108 477 540 477 534
32 127 477 540 474 521
32 141 477 540 477 527
33 40 597 444 574 419
33 49 597 444 598 448
33 57 597 444 569 421
34 54 598 560 569 587
34 67 598 560 623 533
34 73 598 560 600 566
34 75 598 560 621 582
34 79 598 560 595 561
35 39 498 550 500 550
35 42 498 550 521 576
35 94 498 550 497 548
36 132 427 474 403 495
36 136 427 474 449 498
37 46 545 550 519 575
37 50 545 550 552 562
37 55 545 550 519 523
37 62 545 550 549 565
37 71 545 550 545 565
38 59 616 423 624 424
38 118 616 423 626 431
39 78 500 550 528 530
39 92 500 550 523 522
39 94 500 550 497 548
40 57 574 419 569 421
40 72 574 419 596 399
41 48 401 504 401 499
41 63 401 504 395 506
41 85 401 504 375 533
41 125 401 504 401 504
42 46 521 576 519 575
42 66 521 576 531 584
42 115 521 576 492 603
43 68 623 471 598 449
43 82 623 471 599 492
43 131 623 471 626 468
44 58 575 471 573 468
44 122 575 471 595 444
44 139 575 471 552 444
44 147 575 471 547 493
45 51 556 601 535 625
45 54 556 601 569 587
45 56 556 601 576 579
45 61 556 601 576 574
45 96 556 601 556 612
46 66 519 575 531 584
46 88 519 575 547 553
47 53 527 514 545 514
47 55 527 514 519 523
47 78 527 514 528 530
48 63 401 499 395 506
48 113 401 499 381 476
48 125 401 499 401 504
49 58 598 448 573 468
49 68 598 448 598 449
50 62 552 562 549 565
50 65 552 562 525 538
50 66 552 562 531 584
50 71 552 562 545 565
51 81 535 625 560 649
51 90 535 625 509 649
51 109 535 625 560 604
51 145 535 625 511 652
52 84 445 546 449 555
52 127 445 546 474 521
53 70 545 514 572 543
53 74 545 514 572 542
54 56 569 587 576 579
54 61 569 587 576 574
54 62 569 587 549 565
54 71 569 587 545 565
55 65 519 523 525 538
55 78 519 523 528 530
56 61 576 579 576 574
56 101 576 579 547 559
56 133 576 579 566 586
57 69 569 421 544 401
58 91 573 468 597 492
59 102 624 424 653 400
59 118 624 424 626 431
60 116 402 551 426 531
60 120 402 551 376 578
60 121 402 551 431 526
61 111 576 574 593 566
61 133 576 574 566 586
61 146 576 574 603 598
62 71 549 565 545 565
62 88 549 565 547 553
62 89 549 565 573 540
63 125 395 506 401 504
63 132 395 506 403 495
64 144 444 593 469 567
65 78 525 538 528 530
65 92 525 538 523 522
65 134 525 538 521 538
66 96 531 584 556 612
68 86 598 449 606 448
68 93 598 449 603 449
68 98 598 449 609 453
70 74 572 543 572 542
70 89 572 543 573 540
70 106 572 543 576 542
71 88 545 565 547 553
71 101 545 565 547 559
72 76 596 399 598 402
72 107 596 399 574 377
72 140 596 399 623 374
73 79 600 566 595 561
73 111 600 566 593 566
74 89 572 542 573 540
74 106 572 542 576 542
74 111 572 542 593 566
74 112 572 542 545 563
75 79 621 582 595 561
76 118 598 402 626 431
77 116 425 527 426 531
77 121 425 527 431 526
78 92 528 530 523 522
78 105 528 530 503 557
79 111 595 561 593 566
79 133 595 561 566 586
80 100 695 446 717 426
80 103 695 446 717 420
81 114 560 649 587 621
82 91 599 492 597 492
82 131 599 492 626 468
83 99 573 515 577 514
83 110 573 515 545 541
83 119 573 515 550 542
84 141 449 555 477 527
86 93 606 448 603 449
86 98 606 448 609 453
86 104 606 448 601 452
86 122 606 448 595 444
88 101 547 553 547 559
88 110 547 553 545 541
88 112 547 553 545 563
89 106 573 540 576 542
90 145 509 649 511 652
91 99 597 492 577 514
92 134 523 522 521 538
93 98 603 449 609 453
93 104 603 449 601 452
93 122 603 449 595 444
94 105 497 548 503 557
95 115 492 598 492 603
95 117 492 598 515 625
96 109 556 612 560 604
97 123 574 493 549 470
98 104 609 453 601 452
98 122 609 453 595 444
99 138 577 514 550 487
100 103 717 426 717 420
100 128 717 426 740 451
101 110 547 559 545 541
101 112 547 559 545 563
101 119 547 559 550 542
104 122 601 452 595 444
105 108 503 557 477 534
105 135 503 557 482 579
106 149 576 542 602 516
108 127 477 534 474 521
108 141 477 534 477 527
109 133 560 604 566 586
109 148 560 604 539 576
110 119 545 541 550 542
112 126 545 563 519 587
112 134 545 563 521 538
112 148 545 563 539 576
113 124 381 476 354 454
113 129 381 476 361 502
113 137 381 476 356 497
116 121 426 531 431 526
116 125 426 531 401 504
121 143 431 526 410 498
123 138 549 470 550 487
125 132 401 504 403 495
125 143 401 504 410 498
127 141 474 521 477 527
129 137 361 502 356 497
132 143 403 495 410 498
135 144 482 579 469 567
138 147 550 487 547 493
139 142 552 444 525 421
