150 5 276 3.68
7 33 41 42 48 58 62 64 65 68 69 71 77 78 84 87 95 96 125 128 
0 1 500 500 525 528
0 2 500 500 476 525
0 55 500 500 504 513
1 3 525 528 547 506
1 9 525 528 525 534
1 99 525 528 531 526
2 7 476 525 455 553
2 10 476 525 455 548
2 34 476 525 480 520
2 35 476 525 477 525
3 4 547 506 569 528
3 5 547 506 548 501
3 8 547 506 546 500
3 9 547 506 525 534
4 5 569 528 548 501
4 8 569 528 546 500
4 20 569 528 572 528
5 6 548 501 526 480
5 8 548 501 546 500
5 14 548 501 576 474
6 19 526 480 530 470
6 21 526 480 503 460
6 26 526 480 501 457
6 28 526 480 547 455
7 10 455 553 455 548
7 11 455 553 431 529
7 12 455 553 427 573
7 13 455 553 432 529
8 18 546 500 554 497
8 20 546 500 572 528
9 15 525 534 499 556
9 22 525 534 500 563
9 30 525 534 503 563
10 34 455 548 480 520
10 35 455 548 477 525
10 36 455 548 479 521
11 13 431 529 432 529
11 29 431 529 406 554
11 37 431 529 407 505
11 61 431 529 434 527
12 17 427 573 427 573
12 43 427 573 425 573
12 76 427 573 426 574
13 16 432 529 406 550
13 61 432 529 434 527
13 67 432 529 429 521
14 18 576 474 554 497
14 41 576 474 574 480
14 47 576 474 552 498
14 94 576 474 570 479
15 22 499 556 500 563
15 30 499 556 503 563
15 40 499 556 501 548
15 50 499 556 503 562
16 17 406 550 427 573
16 23 406 550 380 527
16 29 406 550 406 554
16 67 406 550 429 521
17 33 427 573 398 594
17 43 427 573 425 573
17 58 427 573 454 548
18 19 554 497 530 470
18 47 554 497 552 498
18 54 554 497 549 502
19 57 530 470 523 480
19 109 530 470 524 485
20 27 572 528 549 555
20 73 572 528 598 502
21 26 503 460 501 457
21 57 503 460 523 480
21 113 503 460 496 461
22 30 500 563 503 563
22 32 500 563 528 591
22 38 500 563 475 538
23 24 380 527 358 547
23 25 380 527 353 550
23 70 380 527 383 528
23 88 380 527 391 525
24 25 358 547 353 550
24 60 358 547 332 574
24 63 358 547 331 567
24 65 358 547 333 575
25 89 353 550 379 523
25 91 353 550 364 553
25 100 353 550 330 579
26 104 501 457 522 429
26 108 501 457 522 431
26 109 501 457 524 485
27 31 549 555 525 583
27 39 549 555 577 581
27 101 549 555 556 557
27 134 549 555 577 581
28 41 547 455 574 480
28 92 547 455 552 453
28 132 547 455 542 454
29 70 406 554 383 528
29 98 406 554 403 546
29 110 406 554 378 526
30 40 503 563 501 548
30 50 503 563 503 562
31 32 525 583 528 591
31 50 525 583 503 562
31 52 525 583 520 587
31 59 525 583 500 608
32 46 528 591 557 616
32 52 528 591 520 587
32 72 528 591 555 611
33 43 398 594 425 573
33 62 398 594 425 615
33 69 398 594 370 615
33 96 398 594 370 618
34 35 480 520 477 525
34 36 480 520 479 521
34 38 480 520 475 538
35 36 477 525 479 521
35 38 477 525 475 538
36 38 479 521 475 538
36 40 479 521 501 548
37 45 407 505 427 485
37 61 407 505 434 527
37 78 407 505 427 481
37 86 407 505 412 503
38 55 475 538 504 513
39 44 577 581 603 603
39 49 577 581 548 608
39 101 577 581 556 557
39 119 577 581 605 605
40 50 501 548 503 562
40 121 501 548 522 574
41 42 574 480 596 508
41 54 574 480 549 502
41 64 574 480 600 455
42 73 596 508 598 502
42 85 596 508 617 530
42 116 596 508 592 507
42 124 596 508 623 485
43 48 425 573 450 595
43 76 425 573 426 574
44 53 603 603 630 624
44 56 603 603 610 601
44 68 603 603 626 629
44 106 603 603 623 581
45 78 427 485 427 481
45 90 427 485 406 511
45 114 427 485 436 477
45 133 427 485 453 508
46 49 557 616 548 608
46 51 557 616 581 642
46 72 557 616 555 611
46 84 557 616 536 645
47 54 552 498 549 502
47 99 552 498 531 526
47 112 552 498 548 507
48 125 450 595 450 598
48 140 450 595 477 619
48 144 450 595 474 623
48 147 450 595 479 623
49 52 548 608 520 587
49 72 548 608 555 611
49 81 548 608 572 633
50 148 503 562 528 584
51 81 581 642 572 633
51 149 581 642 609 614
52 83 520 587 532 582
52 121 520 587 522 574
53 56 630 624 610 601
53 68 630 624 626 629
53 115 630 624 606 602
53 139 630 624 628 624
54 94 549 502 570 479
54 112 549 502 548 507
56 79 610 601 633 577
56 115 610 601 606 602
56 119 610 601 605 605
57 92 523 480 552 453
57 109 523 480 524 485
58 76 454 548 426 574
58 105 454 548 452 545
58 135 454 548 478 528
59 117 500 608 507 625
59 143 500 608 528 637
60 63 332 574 331 567
60 65 332 574 333 575
60 66 332 574 357 602
60 82 332 574 337 574
61 67 434 527 429 521
61 86 434 527 412 503
62 93 425 615 402 640
62 129 425 615 400 641
63 65 331 567 333 575
63 82 331 567 337 574
63 100 331 567 330 579
64 127 600 455 573 431
65 71 333 575 312 554
65 74 333 575 358 601
66 69 357 602 370 615
66 74 357 602 358 601
66 75 357 602 378 625
66 82 357 602 337 574
67 97 429 521 450 501
67 98 429 521 403 546
68 103 626 629 600 649
68 107 626 629 648 608
68 120 626 629 653 605
69 74 370 615 358 601
69 75 370 615 378 625
69 77 370 615 343 641
70 88 383 528 391 525
70 89 383 528 379 523
70 110 383 528 378 526
71 137 312 554 339 529
72 83 555 611 532 582
72 122 555 611 582 583
73 116 598 502 592 507
73 136 598 502 589 502
74 123 358 601 352 600
75 96 378 625 370 618
75 123 378 625 352 600
76 105 426 574 452 545
76 125 426 574 450 598
77 102 343 641 315 669
77 141 343 641 317 670
78 80 427 481 452 457
78 114 427 481 436 477
79 106 633 577 623 581
82 91 337 574 364 553
82 100 337 574 330 579
83 121 532 582 522 574
83 142 532 582 553 555
83 148 532 582 528 584
84 87 536 645 557 665
84 95 536 645 515 666
84 117 536 645 507 625
84 143 536 645 528 637
85 136 617 530 589 502
85 145 617 530 615 527
86 88 412 503 391 525
86 90 412 503 406 511
86 114 412 503 436 477
87 128 557 665 531 686
87 146 557 665 532 691
88 89 391 525 379 523
88 110 391 525 378 526
89 110 379 523 378 526
92 118 552 453 532 424
92 132 552 453 542 454
93 129 402 640 400 641
94 116 570 479 592 507
95 126 515 666 490 689
95 130 515 666 488 694
96 111 370 618 397 595
97 133 450 501 453 508
101 142 556 557 553 555
102 141 315 669 317 670
103 139 600 649 628 624
104 108 522 429 522 431
104 118 522 429 532 424
107 120 648 608 653 605
108 118 522 431 532 424
108 132 522 431 542 454
109 112 524 485 548 507
109 113 524 485 496 461
115 119 606 602 605 605
115 149 606 602 609 614
116 136 592 507 589 502
116 145 592 507 615 527
119 149 605 605 609 614
121 148 522 574 528 584
122 134 582 583 577 581
125 138 450 598 479 576
126 130 490 689 488 694
128 131 531 686 560 713
128 146 531 686 532 691
140 144 477 619 474 623
140 147 477 619 479 623
144 147 474 623 479 623
