100 6 186 3.72
3 6 8 11 15 16 23 30 33 36 38 40 43 47 51 56 60 62 69 
0 1 500 500 520 472
0 2 500 500 528 528
0 4 500 500 529 478
0 5 500 500 523 471
0 76 500 500 500 508
1 3 520 472 547 499
1 4 520 472 529 478
1 5 520 472 523 471
1 7 520 472 547 449
1 10 520 472 519 472
2 6 528 528 502 552
2 14 528 528 548 502
2 22 528 528 529 528
2 35 528 528 528 531
2 39 528 528 525 531
3 11 547 499 573 526
3 12 547 499 549 499
3 14 547 499 548 502
3 29 547 499 539 500
3 37 547 499 540 499
4 5 529 478 523 471
4 10 529 478 519 472
4 12 529 478 549 499
4 26 529 478 513 476
5 10 523 471 519 472
5 18 523 471 501 444
5 24 523 471 545 448
6 8 502 552 477 580
6 22 502 552 529 528
6 35 502 552 528 531
6 85 502 552 507 556
7 9 547 449 567 422
7 10 547 449 519 472
7 24 547 449 545 448
7 28 547 449 568 471
7 44 547 449 570 469
8 19 477 580 503 605
8 21 477 580 503 606
8 27 477 580 455 601
8 52 477 580 476 576
8 86 477 580 479 585
9 49 567 422 589 401
10 13 519 472 495 450
10 26 519 472 513 476
11 16 573 526 596 546
11 64 573 526 574 518
12 14 549 499 548 502
12 29 549 499 539 500
12 37 549 499 540 499
13 15 495 450 466 475
13 18 495 450 501 444
13 20 495 450 490 454
13 25 495 450 517 421
13 31 495 450 494 441
14 29 548 502 539 500
14 37 548 502 540 499
14 39 548 502 525 531
15 20 466 475 490 454
15 32 466 475 470 481
15 45 466 475 469 467
15 55 466 475 467 473
15 63 466 475 444 502
16 17 596 546 625 569
16 38 596 546 622 523
16 60 596 546 574 569
16 64 596 546 574 518
16 71 596 546 618 575
17 71 625 569 618 575
18 20 501 444 490 454
18 31 501 444 494 441
18 34 501 444 490 452
18 48 501 444 491 457
19 21 503 605 503 606
19 23 503 605 482 630
19 65 503 605 529 628
19 80 503 605 524 580
19 81 503 605 499 608
20 26 490 454 513 476
20 31 490 454 494 441
20 32 490 454 470 481
21 78 503 606 528 635
21 81 503 606 499 608
21 86 503 606 479 585
21 89 503 606 475 632
22 35 529 528 528 531
22 39 529 528 525 531
22 76 529 528 500 508
23 30 482 630 506 654
23 41 482 630 475 624
23 77 482 630 462 601
23 89 482 630 475 632
24 87 545 448 541 444
25 31 517 421 494 441
25 36 517 421 541 394
26 29 513 476 539 500
26 34 513 476 490 452
26 37 513 476 540 499
27 41 455 601 475 624
27 52 455 601 476 576
27 77 455 601 462 601
27 90 455 601 481 574
28 44 568 471 570 469
28 53 568 471 569 478
29 37 539 500 540 499
29 70 539 500 510 478
30 33 506 654 485 676
30 46 506 654 485 682
31 34 494 441 490 452
31 40 494 441 467 417
32 45 470 481 469 467
32 48 470 481 491 457
32 55 470 481 467 473
32 66 470 481 491 458
33 46 485 676 485 682
33 51 485 676 463 699
33 56 485 676 464 649
33 59 485 676 465 703
33 69 485 676 511 704
34 48 490 452 491 457
34 55 490 452 467 473
34 66 490 452 491 458
35 39 528 531 525 531
35 85 528 531 507 556
36 42 541 394 567 374
36 88 541 394 515 374
37 53 540 499 569 478
38 96 622 523 647 546
40 43 467 417 443 445
40 97 467 417 493 390
41 89 475 624 475 632
42 47 567 374 591 397
42 57 567 374 593 354
42 68 567 374 560 382
42 75 567 374 571 379
42 94 567 374 563 373
43 45 443 445 469 467
43 62 443 445 416 416
44 53 570 469 569 478
44 87 570 469 541 444
45 55 469 467 467 473
45 84 469 467 465 483
47 49 591 397 589 401
47 82 591 397 596 395
47 95 591 397 612 425
47 98 591 397 607 389
48 66 491 457 491 458
49 50 589 401 613 380
49 54 589 401 616 375
49 82 589 401 596 395
50 54 613 380 616 375
50 58 613 380 584 360
50 83 613 380 585 351
50 98 613 380 607 389
51 59 463 699 465 703
51 72 463 699 443 719
52 86 476 576 479 585
52 90 476 576 481 574
54 82 616 375 596 395
54 98 616 375 607 389
55 84 467 473 465 483
56 61 464 649 439 672
56 79 464 649 435 627
57 58 593 354 584 360
57 75 593 354 571 379
57 83 593 354 585 351
58 68 584 360 560 382
58 83 584 360 585 351
58 98 584 360 607 389
60 99 574 569 551 593
62 67 416 416 396 390
62 73 416 416 393 396
65 78 529 628 528 635
66 74 491 458 512 480
66 84 491 458 465 483
67 73 396 390 393 396
68 75 560 382 571 379
68 94 560 382 563 373
69 91 511 704 487 731
69 92 511 704 534 677
69 93 511 704 531 733
70 74 510 478 512 480
75 94 571 379 563 373
80 81 524 580 499 608
82 98 596 395 607 389
83 94 585 351 563 373
86 90 479 585 481 574
