50 5 76 3.04
0 1 2 5 6 8 9 10 11 12 14 17 21 25 26 27 31 32 33 37 
0 1 500 500 521 474
0 2 500 500 477 478
1 8 521 474 548 495
2 3 477 478 499 449
2 4 477 478 477 477
2 5 477 478 455 504
2 13 477 478 479 475
3 4 499 449 477 477
3 13 499 449 479 475
3 33 499 449 506 451
4 6 477 477 450 451
4 10 477 477 457 455
4 13 477 477 479 475
5 7 455 504 431 529
5 15 455 504 478 532
5 22 455 504 426 530
6 10 450 451 457 455
6 19 450 451 429 424
6 32 450 451 479 431
7 9 431 529 410 553
7 12 431 529 452 555
7 16 431 529 456 553
7 17 431 529 432 531
8 21 548 495 574 523
9 11 410 553 383 531
9 17 410 553 432 531
9 28 410 553 435 532
9 29 410 553 438 529
10 20 457 455 483 476
10 36 457 455 435 476
10 43 457 455 485 434
11 14 383 531 358 502
11 40 383 531 380 527
12 16 452 555 456 553
12 18 452 555 457 552
12 25 452 555 474 576
12 30 452 555 427 580
13 20 479 475 483 476
13 33 479 475 506 451
14 34 358 502 329 476
14 40 358 502 380 527
15 23 478 532 478 525
16 18 456 553 457 552
16 39 456 553 464 561
16 41 456 553 465 555
17 18 432 531 457 552
17 22 432 531 426 530
17 24 432 531 403 508
18 23 457 552 478 525
18 39 457 552 464 561
21 26 574 523 595 500
21 27 574 523 573 527
21 31 574 523 600 498
21 42 574 523 595 495
22 28 426 530 435 532
22 29 426 530 438 529
22 44 426 530 404 557
25 39 474 576 464 561
25 49 474 576 445 597
26 27 595 500 573 527
26 31 595 500 600 498
26 38 595 500 622 473
26 42 595 500 595 495
27 47 573 527 547 556
28 29 435 532 438 529
28 37 435 532 409 560
28 39 435 532 464 561
29 41 438 529 465 555
31 42 600 498 595 495
31 46 600 498 623 522
32 43 479 431 485 434
32 45 479 431 504 410
33 35 506 451 528 431
37 44 409 560 404 557
37 48 409 560 386 585
39 41 464 561 465 555
