50 3 58 2.32
1 2 3 4 5 7 8 12 15 16 20 21 22 23 24 25 26 27 28 29 30 34 40 41 
0 1 500 500 527 475
1 2 527 475 506 453
1 3 527 475 533 480
2 3 506 453 533 480
2 4 506 453 482 424
3 8 533 480 562 454
4 5 482 424 454 447
4 6 482 424 461 403
5 7 454 447 477 468
5 13 454 447 476 423
6 9 461 403 485 427
6 16 461 403 456 395
7 10 477 468 455 497
7 11 477 468 480 470
8 14 562 454 588 480
8 17 562 454 567 457
9 13 485 427 476 423
10 11 455 497 480 470
10 12 455 497 460 494
11 12 480 470 460 494
12 15 460 494 484 519
13 16 476 423 456 395
14 17 588 480 567 457
14 18 588 480 610 502
15 20 484 519 456 542
15 24 484 519 510 542
16 29 456 395 435 371
17 23 567 457 594 482
18 19 610 502 588 527
18 25 610 502 636 523
19 21 588 527 616 552
19 22 588 527 566 506
20 28 456 542 432 571
20 30 456 542 433 518
21 27 616 552 592 581
21 36 616 552 637 529
22 32 566 506 588 481
22 37 566 506 587 534
23 26 594 482 566 460
23 32 594 482 588 481
24 35 510 542 484 517
24 38 510 542 485 571
25 36 636 523 637 529
25 40 636 523 663 495
26 33 566 460 590 436
26 42 566 460 542 481
27 45 592 581 566 552
27 46 592 581 617 556
28 47 432 571 430 567
28 48 432 571 403 544
29 31 435 371 412 351
29 34 435 371 457 391
30 39 433 518 453 542
30 49 433 518 454 492
34 41 457 391 485 366
39 47 453 542 430 567
40 44 663 495 634 468
41 43 485 366 511 390
