50 7 82 3.28
6 8 9 11 13 15 16 17 19 20 21 22 23 25 26 28 33 
0 1 500 500 528 472
0 3 500 500 526 476
0 4 500 500 480 473
0 7 500 500 504 501
0 21 500 500 501 502
0 32 500 500 506 497
1 2 528 472 552 493
1 3 528 472 526 476
1 7 528 472 504 501
1 41 528 472 526 468
2 6 552 493 575 469
2 22 552 493 553 501
2 36 552 493 557 496
3 5 526 476 501 456
3 21 526 476 501 502
3 41 526 476 526 468
4 8 480 473 484 477
4 14 480 473 475 479
4 24 480 473 478 478
4 46 480 473 489 474
5 12 501 456 511 449
5 24 501 456 478 478
5 27 501 456 513 452
6 11 575 469 597 446
6 18 575 469 552 446
6 28 575 469 597 497
6 31 575 469 573 474
6 39 575 469 575 472
6 48 575 469 596 489
7 8 504 501 484 477
7 10 504 501 530 522
7 14 504 501 475 479
7 21 504 501 501 502
7 32 504 501 506 497
8 9 484 477 464 457
8 12 484 477 511 449
8 14 484 477 475 479
8 16 484 477 464 499
8 24 484 477 478 478
9 15 464 457 487 428
9 25 464 457 437 429
9 29 464 457 437 429
10 22 530 522 553 501
10 32 530 522 506 497
10 36 530 522 557 496
11 13 597 446 626 472
11 35 597 446 621 467
12 19 511 449 534 426
12 27 511 449 513 452
12 46 511 449 489 474
13 17 626 472 655 451
13 35 626 472 621 467
14 24 475 479 478 478
14 46 475 479 489 474
15 34 487 428 509 401
15 45 487 428 513 408
16 37 464 499 438 471
17 26 655 451 683 474
17 42 655 451 675 471
18 31 552 446 573 474
18 41 552 446 526 468
18 43 552 446 545 449
19 20 534 426 561 406
19 27 534 426 513 452
20 23 561 406 538 377
21 32 501 502 506 497
21 47 501 502 474 526
22 30 553 501 575 521
22 36 553 501 557 496
23 49 538 377 559 357
24 46 478 478 489 474
25 29 437 429 437 429
25 44 437 429 416 457
26 40 683 474 712 503
26 42 683 474 675 471
28 33 597 497 621 522
28 39 597 497 575 472
28 48 597 497 596 489
31 39 573 474 575 472
31 43 573 474 545 449
33 38 621 522 647 550
34 45 509 401 513 408
