150 4 248 3.3066666
44 46 50 55 58 66 69 72 73 76 83 86 90 91 99 100 102 108 113 115 124 127 
0 1 500 500 524 473
0 3 500 500 526 476
0 10 500 500 502 504
0 32 500 500 499 505
1 2 524 473 546 451
1 3 524 473 526 476
1 5 524 473 547 451
2 4 546 451 566 422
2 5 546 451 547 451
2 6 546 451 553 454
3 6 526 476 553 454
3 10 526 476 502 504
4 7 566 422 545 394
4 12 566 422 566 418
4 14 566 422 566 418
5 6 547 451 553 454
5 24 547 451 551 450
6 8 553 454 527 432
7 9 545 394 572 371
7 12 545 394 566 418
7 14 545 394 566 418
8 13 527 432 502 454
8 16 527 432 554 412
8 17 527 432 531 429
9 15 572 371 552 397
9 18 572 371 547 400
9 19 572 371 546 398
10 11 502 504 522 475
10 21 502 504 525 483
11 21 522 475 525 483
11 23 522 475 496 446
11 33 522 475 493 495
12 14 566 418 566 418
12 16 566 418 554 412
13 17 502 454 531 429
13 23 502 454 496 446
13 25 502 454 507 449
14 16 566 418 554 412
15 18 552 397 547 400
15 19 552 397 546 398
15 22 552 397 550 407
16 18 554 412 547 400
17 20 531 429 522 427
17 25 531 429 507 449
18 19 547 400 546 398
19 20 546 398 522 427
20 22 522 427 550 407
20 24 522 427 551 450
21 30 525 483 500 461
21 32 525 483 499 505
22 34 550 407 577 380
22 35 550 407 528 381
23 25 496 446 507 449
23 26 496 446 473 426
24 28 551 450 522 430
24 29 551 450 523 430
25 27 507 449 502 447
26 27 473 426 502 447
26 31 473 426 450 400
26 37 473 426 500 397
27 30 502 447 500 461
27 39 502 447 481 472
28 29 522 430 523 430
28 38 522 430 543 450
28 40 522 430 544 458
29 41 523 430 500 455
29 42 523 430 494 453
30 41 500 461 500 455
30 42 500 461 494 453
31 44 450 400 426 374
31 46 450 400 422 423
31 48 450 400 473 373
32 33 499 505 493 495
32 36 499 505 526 480
33 43 493 495 471 521
33 45 493 495 498 502
34 51 577 380 597 400
34 52 577 380 599 409
34 54 577 380 556 407
35 58 528 381 502 354
35 59 528 381 502 408
35 60 528 381 550 356
36 45 526 480 498 502
36 47 526 480 506 451
36 50 526 480 501 453
37 55 500 397 521 417
37 59 500 397 502 408
37 63 500 397 526 420
38 40 543 450 544 458
38 56 543 450 566 473
38 65 543 450 515 421
39 49 481 472 454 496
39 67 481 472 510 496
39 68 481 472 507 493
40 69 544 458 517 485
40 71 544 458 570 484
41 42 500 455 494 453
41 47 500 455 506 451
42 47 494 453 506 451
43 53 471 521 443 498
43 61 471 521 500 498
43 62 471 521 443 501
44 64 426 374 448 398
44 72 426 374 399 401
44 73 426 374 405 352
45 61 498 502 500 498
45 67 498 502 510 496
46 78 422 423 446 402
46 79 422 423 396 449
46 81 422 423 443 397
47 50 506 451 501 453
48 74 473 373 481 387
48 82 473 373 445 401
48 85 473 373 452 398
49 53 454 496 443 498
49 62 454 496 443 501
49 86 454 496 481 521
50 87 501 453 530 433
50 91 501 453 477 427
51 52 597 400 599 409
51 93 597 400 577 380
51 95 597 400 621 428
52 57 599 409 619 433
52 100 599 409 619 386
53 62 443 498 443 501
53 101 443 498 465 524
54 66 556 407 576 436
54 84 556 407 578 383
54 103 556 407 579 379
55 63 521 417 526 420
55 65 521 417 515 421
55 80 521 417 501 390
56 71 566 473 570 484
56 76 566 473 595 493
56 104 566 473 587 497
57 95 619 433 621 428
57 105 619 433 597 407
57 112 619 433 598 454
58 113 502 354 528 329
58 116 502 354 480 382
58 131 502 354 527 377
59 65 502 408 515 421
59 74 502 408 481 387
60 70 550 356 577 329
60 89 550 356 577 377
60 107 550 356 548 352
61 67 500 498 510 496
61 68 500 498 507 493
62 97 443 501 467 481
63 87 526 420 530 433
63 98 526 420 499 448
64 78 448 398 446 402
64 81 448 398 443 397
64 82 448 398 445 401
65 87 515 421 530 433
66 121 576 436 547 459
66 134 576 436 553 407
66 135 576 436 597 462
67 68 510 496 507 493
68 69 507 493 517 485
69 75 517 485 539 461
69 77 517 485 538 506
70 83 577 329 553 300
70 107 577 329 548 352
70 111 577 329 554 355
71 88 570 484 592 462
71 118 570 484 565 485
72 102 399 401 370 379
72 136 399 401 425 376
72 137 399 401 419 430
73 109 405 352 433 380
73 140 405 352 431 326
73 144 405 352 425 372
74 99 481 387 472 371
74 116 481 387 480 382
75 94 539 461 514 439
75 121 539 461 547 459
75 148 539 461 514 434
76 104 595 493 587 497
76 106 595 493 570 520
76 126 595 493 581 501
78 81 446 402 443 397
78 82 446 402 445 401
81 85 443 397 452 398
82 85 445 401 452 398
83 90 553 300 526 320
83 115 553 300 529 272
83 120 553 300 579 324
84 89 578 383 577 377
84 93 578 383 577 380
84 96 578 383 579 379
85 99 452 398 472 371
86 101 481 521 465 524
86 110 481 521 504 501
86 123 481 521 458 547
87 94 530 433 514 439
88 112 592 462 598 454
88 117 592 462 615 442
88 118 592 462 565 485
89 92 577 377 605 353
89 93 577 377 577 380
90 113 526 320 528 329
90 130 526 320 499 299
90 139 526 320 497 297
91 133 477 427 452 449
92 96 605 353 579 379
92 114 605 353 584 329
93 96 577 380 579 379
94 98 514 439 499 448
94 148 514 439 514 434
95 117 621 428 615 442
96 103 579 379 579 379
97 119 467 481 495 504
99 116 472 371 480 382
99 138 472 371 446 344
100 122 619 386 647 408
100 149 619 386 594 415
102 128 370 379 347 351
104 108 587 497 607 522
104 124 587 497 607 476
105 145 597 407 587 421
105 149 597 407 594 415
107 111 548 352 554 355
107 132 548 352 554 347
108 126 607 522 581 501
108 127 607 522 633 548
109 125 433 380 459 409
109 136 433 380 425 376
109 143 433 380 433 388
110 119 504 501 495 504
111 132 554 355 554 347
112 135 598 454 597 462
113 147 528 329 554 300
114 120 584 329 579 324
115 141 529 272 504 245
117 145 615 442 587 421
120 132 579 324 554 347
124 129 607 476 636 501
124 135 607 476 597 462
124 142 607 476 616 476
125 143 459 409 433 388
127 146 633 548 611 572
129 142 636 501 616 476
130 139 499 299 497 297
136 143 425 376 433 388
136 144 425 376 425 372
143 144 433 388 425 372
145 149 587 421 594 415
