150 5 289 3.8533332
30 41 44 50 54 60 64 65 66 67 70 74 77 84 86 87 90 91 109 114 128 
0 1 500 500 529 526
0 2 500 500 528 472
0 3 500 500 471 476
0 4 500 500 502 503
0 8 500 500 508 501
1 4 529 526 502 503
1 6 529 526 525 524
1 13 529 526 532 525
1 32 529 526 518 512
2 14 528 472 505 443
2 52 528 472 534 467
2 102 528 472 532 467
2 126 528 472 529 462
3 7 471 476 447 497
3 12 471 476 484 472
3 31 471 476 485 472
3 43 471 476 484 476
4 5 502 503 480 523
4 6 502 503 525 524
4 8 502 503 508 501
5 8 480 523 508 501
5 9 480 523 456 494
5 10 480 523 473 517
5 19 480 523 478 517
6 13 525 524 532 525
6 21 525 524 499 501
6 23 525 524 547 495
7 9 447 497 456 494
7 10 447 497 473 517
7 11 447 497 450 490
7 15 447 497 422 468
8 13 508 501 532 525
8 16 508 501 509 501
9 11 456 494 450 490
9 12 456 494 484 472
9 19 456 494 478 517
10 11 473 517 450 490
10 19 473 517 478 517
10 20 473 517 498 492
11 24 450 490 473 519
11 26 450 490 421 464
12 16 484 472 509 501
12 17 484 472 506 449
12 29 484 472 508 452
13 18 532 525 558 545
13 22 532 525 508 504
14 17 505 443 506 449
14 29 505 443 508 452
14 31 505 443 485 472
14 35 505 443 478 417
15 25 422 468 400 439
15 26 422 468 421 464
15 28 422 468 396 440
15 36 422 468 394 445
16 20 509 501 498 492
16 21 509 501 499 501
16 22 509 501 508 504
17 29 506 449 508 452
17 40 506 449 506 439
17 43 506 449 484 476
18 42 558 545 580 518
18 44 558 545 531 567
18 45 558 545 538 525
18 51 558 545 531 566
19 24 478 517 473 519
19 27 478 517 486 527
20 21 498 492 499 501
20 22 498 492 508 504
20 32 498 492 518 512
21 22 499 501 508 504
21 47 499 501 520 527
22 27 508 504 486 527
23 39 547 495 523 520
23 46 547 495 524 516
23 53 547 495 573 469
23 56 547 495 526 524
24 27 473 519 486 527
24 58 473 519 447 495
24 61 473 519 453 495
25 28 400 439 396 440
25 33 400 439 380 419
25 34 400 439 402 444
25 36 400 439 394 445
26 49 421 464 447 489
26 59 421 464 446 486
26 63 421 464 441 493
27 66 486 527 460 503
27 75 486 527 512 547
28 34 396 440 402 444
28 36 396 440 394 445
28 38 396 440 402 445
29 30 508 452 529 428
29 40 508 452 506 439
30 62 529 428 531 410
30 83 529 428 557 403
30 87 529 428 557 406
30 90 529 428 558 408
31 43 485 472 484 476
31 88 485 472 478 457
31 93 485 472 513 496
32 39 518 512 523 520
32 46 518 512 524 516
32 47 518 512 520 527
33 34 380 419 402 444
33 37 380 419 373 420
33 48 380 419 401 442
33 64 380 419 405 447
34 36 402 444 394 445
34 37 402 444 373 420
35 40 478 417 506 439
35 50 478 417 456 437
35 78 478 417 498 446
35 95 478 417 480 406
36 38 394 445 402 445
37 38 373 420 402 445
37 41 373 420 349 445
37 69 373 420 376 415
38 48 402 445 401 442
38 64 402 445 405 447
39 45 523 520 538 525
39 46 523 520 524 516
39 47 523 520 520 527
40 52 506 439 534 467
40 62 506 439 531 410
41 65 349 445 324 467
41 76 349 445 326 467
41 84 349 445 325 419
41 86 349 445 320 421
42 94 580 518 551 540
42 99 580 518 607 491
42 103 580 518 554 495
42 105 580 518 554 494
43 88 484 476 478 457
43 101 484 476 472 473
44 51 531 567 531 566
44 73 531 567 504 544
44 107 531 567 510 593
44 108 531 567 559 546
45 46 538 525 524 516
45 47 538 525 520 527
45 55 538 525 512 548
46 56 524 516 526 524
47 56 520 527 526 524
48 57 401 442 429 419
48 64 401 442 405 447
48 69 401 442 376 415
49 58 447 489 447 495
49 59 447 489 446 486
49 61 447 489 453 495
49 63 447 489 441 493
50 68 456 437 431 412
50 70 456 437 427 413
50 88 456 437 478 457
50 91 456 437 427 457
51 54 531 566 552 589
51 71 531 566 506 538
51 85 531 566 502 537
52 92 534 467 561 496
52 98 534 467 556 445
52 102 534 467 532 467
53 60 573 469 600 492
53 67 573 469 580 463
53 72 573 469 545 492
53 79 573 469 572 465
54 80 552 589 575 613
54 109 552 589 579 613
54 119 552 589 531 561
54 120 552 589 529 569
55 71 512 548 506 538
55 73 512 548 504 544
55 75 512 548 512 547
55 85 512 548 502 537
56 97 526 524 550 547
56 104 526 524 525 521
57 68 429 419 431 412
57 70 429 419 427 413
57 77 429 419 408 391
57 110 429 419 400 442
58 59 447 495 446 486
58 61 447 495 453 495
58 63 447 495 441 493
59 61 446 486 453 495
59 63 446 486 441 493
60 67 600 492 580 463
60 79 600 492 572 465
60 99 600 492 607 491
60 122 600 492 624 517
61 66 453 495 460 503
62 82 531 410 502 381
62 127 531 410 504 385
62 131 531 410 558 432
63 128 441 493 443 500
64 110 405 447 400 442
64 136 405 447 378 473
65 76 324 467 326 467
65 137 324 467 345 492
65 138 324 467 298 488
65 139 324 467 299 441
66 74 460 503 434 532
66 128 460 503 443 500
66 142 460 503 480 532
67 79 580 463 572 465
67 146 580 463 602 434
67 148 580 463 557 438
68 70 431 412 427 413
68 89 431 412 406 386
68 125 431 412 426 414
69 113 376 415 385 412
69 149 376 415 400 436
70 112 427 413 454 387
70 125 427 413 426 414
71 73 506 538 504 544
71 75 506 538 512 547
71 85 506 538 502 537
72 92 545 492 561 496
72 103 545 492 554 495
72 104 545 492 525 521
72 105 545 492 554 494
73 75 504 544 512 547
73 85 504 544 502 537
74 81 434 532 409 503
74 143 434 532 409 559
75 133 512 547 501 547
76 115 326 467 350 444
77 89 408 391 406 386
77 113 408 391 385 412
77 134 408 391 381 364
78 101 498 446 472 473
80 109 575 613 579 613
82 95 502 381 480 406
82 127 502 381 504 385
83 87 557 403 557 406
83 90 557 403 558 408
84 86 325 419 320 421
84 145 325 419 354 391
85 133 502 537 501 547
86 147 320 421 297 401
87 90 557 406 558 408
87 114 557 406 530 383
87 130 557 406 579 432
88 101 478 457 472 473
90 96 558 408 537 384
90 100 558 408 530 437
91 118 427 457 453 433
92 103 561 496 554 495
92 105 561 496 554 494
93 117 513 496 507 487
94 97 551 540 550 547
94 108 551 540 559 546
94 116 551 540 523 568
94 121 551 540 554 545
96 114 537 384 530 383
97 106 550 547 572 524
97 108 550 547 559 546
97 121 550 547 554 545
98 102 556 445 532 467
98 131 556 445 558 432
98 148 556 445 557 438
99 124 607 491 593 501
101 128 472 473 443 500
102 117 532 467 507 487
102 126 532 467 529 462
103 105 554 495 554 494
103 111 554 495 529 521
104 111 525 521 529 521
106 124 572 524 593 501
108 121 559 546 554 545
109 135 579 613 604 635
110 125 400 442 426 414
110 149 400 442 400 436
111 133 529 521 501 547
113 140 385 412 358 432
114 132 530 383 508 408
115 140 350 444 358 432
116 119 523 568 531 561
116 120 523 568 529 569
116 123 523 568 528 570
117 126 507 487 529 462
117 141 507 487 533 458
119 120 531 561 529 569
119 123 531 561 528 570
120 121 529 569 554 545
120 123 529 569 528 570
121 123 554 545 528 570
126 141 529 462 533 458
128 129 443 500 414 524
128 144 443 500 415 525
129 144 414 524 415 525
131 148 558 432 557 438
