200 4 335 3.35
60 65 74 75 78 80 89 90 93 94 97 102 108 112 115 121 124 126 130 137 143 145 159 
0 1 500 500 523 471
0 167 500 500 497 496
1 2 523 471 502 444
1 3 523 471 528 470
1 5 523 471 532 467
2 3 502 444 528 470
2 6 502 444 530 416
2 7 502 444 506 439
3 4 528 470 552 445
3 5 528 470 532 467
4 5 552 445 532 467
4 8 552 445 581 425
4 9 552 445 572 419
5 7 532 467 506 439
6 10 530 416 533 418
6 11 530 416 509 438
6 13 530 416 504 441
7 10 506 439 533 418
7 11 506 439 509 438
8 9 581 425 572 419
8 15 581 425 602 399
8 18 581 425 609 452
9 12 572 419 543 390
9 19 572 419 597 447
10 17 533 418 511 397
10 21 533 418 512 393
11 13 509 438 504 441
11 22 509 438 483 462
12 26 543 390 570 364
12 27 543 390 514 365
12 31 543 390 522 415
13 14 504 441 480 413
13 16 504 441 529 468
14 20 480 413 459 438
14 24 480 413 451 393
14 38 480 413 501 434
15 23 602 399 580 378
15 35 602 399 596 401
15 39 602 399 624 421
16 45 529 468 503 439
16 49 529 468 551 445
16 50 529 468 509 441
17 21 511 397 512 393
17 36 511 397 482 372
17 52 511 397 534 417
18 19 609 452 597 447
18 59 609 452 601 450
18 62 609 452 599 447
19 28 597 447 620 425
19 46 597 447 570 427
20 37 459 438 435 458
20 44 459 438 461 441
20 57 459 438 457 430
21 34 512 393 537 421
21 70 512 393 485 417
22 25 483 462 455 489
22 43 483 462 458 486
22 44 483 462 461 441
23 26 580 378 570 364
23 63 580 378 606 355
23 80 580 378 602 356
24 30 451 393 476 370
24 42 451 393 475 413
24 54 451 393 457 394
25 29 455 489 426 512
25 32 455 489 427 465
25 43 455 489 458 486
26 55 570 364 544 386
26 87 570 364 541 386
27 41 514 365 534 345
27 47 514 365 512 366
27 82 514 365 511 369
28 35 620 425 596 401
28 39 620 425 624 421
28 40 620 425 648 397
29 33 426 512 397 532
29 53 426 512 446 484
29 60 426 512 400 489
30 36 476 370 482 372
30 69 476 370 502 341
30 81 476 370 496 398
31 34 522 415 537 421
31 52 522 415 534 417
31 56 522 415 529 418
32 37 427 465 435 458
32 61 427 465 422 469
32 84 427 465 454 438
33 94 397 532 377 558
33 96 397 532 423 561
33 111 397 532 421 559
34 52 537 421 534 417
34 56 537 421 529 418
35 66 596 401 574 423
35 68 596 401 575 427
36 54 482 372 457 394
36 83 482 372 470 371
37 57 435 458 457 430
37 61 435 458 422 469
38 45 501 434 503 439
38 50 501 434 509 441
38 58 501 434 527 462
39 59 624 421 601 450
39 62 624 421 599 447
40 67 648 397 626 425
40 85 648 397 675 374
40 113 648 397 620 377
41 47 534 345 512 366
41 92 534 345 507 372
41 105 534 345 531 361
42 70 475 413 485 417
42 98 475 413 481 413
42 100 475 413 448 434
43 53 458 486 446 484
43 64 458 486 478 457
44 57 461 441 457 430
44 65 461 441 432 413
45 50 503 439 509 441
45 73 503 439 504 440
46 66 570 427 574 423
46 68 570 427 575 427
46 72 570 427 541 453
47 48 512 366 483 343
47 71 512 366 483 343
48 69 483 343 502 341
48 71 483 343 483 343
48 75 483 343 458 320
49 51 551 445 575 473
49 56 551 445 529 418
49 72 551 445 541 453
50 73 509 441 504 440
51 78 575 473 551 500
51 89 575 473 598 493
51 90 575 473 604 451
52 76 534 417 524 412
53 93 446 484 424 459
53 97 446 484 469 460
54 79 457 394 457 391
54 101 457 394 436 370
55 77 544 386 552 388
55 87 544 386 541 386
55 110 544 386 573 410
56 73 529 418 504 440
57 84 457 430 454 438
58 72 527 462 541 453
58 91 527 462 524 471
58 114 527 462 556 486
59 62 601 450 599 447
59 88 601 450 603 454
60 61 400 489 422 469
60 103 400 489 373 512
60 115 400 489 372 469
61 93 422 469 424 459
62 74 599 447 620 424
63 80 606 355 602 356
63 117 606 355 586 380
63 118 606 355 580 378
64 97 478 457 469 460
64 119 478 457 503 429
64 125 478 457 503 430
65 79 432 413 457 391
65 128 432 413 404 388
65 132 432 413 456 442
66 68 574 423 575 427
66 104 574 423 548 445
67 74 626 425 620 424
67 88 626 425 603 454
67 131 626 425 597 396
68 95 575 427 550 447
69 71 502 341 483 343
69 105 502 341 531 361
70 98 485 417 481 413
70 133 485 417 505 392
71 82 483 343 511 369
72 95 541 453 550 447
73 76 504 440 524 412
74 138 620 424 647 398
74 140 620 424 647 397
75 143 458 320 436 293
75 148 458 320 434 348
75 149 458 320 482 341
76 77 524 412 552 388
76 99 524 412 518 425
77 87 552 388 541 386
77 150 552 388 531 414
78 91 551 500 524 471
78 108 551 500 530 522
78 114 551 500 556 486
79 122 457 391 444 394
79 123 457 391 483 370
80 121 602 356 579 328
80 130 602 356 630 330
81 83 496 398 470 371
81 99 496 398 518 425
81 133 496 398 505 392
82 92 511 369 507 372
82 109 511 369 514 365
83 116 470 371 495 347
83 122 470 371 444 394
84 98 454 438 481 413
84 100 454 438 448 434
85 86 675 374 647 351
85 153 675 374 650 354
85 155 675 374 654 351
86 144 647 351 647 355
86 153 647 351 650 354
86 155 647 351 654 351
87 109 541 386 514 365
88 90 603 454 604 451
88 158 603 454 626 481
89 120 598 493 569 516
89 160 598 493 619 465
89 161 598 493 625 514
90 162 604 451 628 426
90 164 604 451 608 437
91 167 524 471 497 496
91 174 524 471 548 444
92 109 507 372 514 365
92 142 507 372 481 346
93 102 424 459 397 430
93 126 424 459 425 458
94 137 377 558 355 584
94 145 377 558 351 534
94 165 377 558 405 533
95 104 550 447 548 445
95 106 550 447 521 420
96 111 423 561 421 559
96 112 423 561 448 539
96 124 423 561 428 561
97 139 469 460 445 486
97 157 469 460 479 456
98 135 481 413 474 403
99 106 518 425 521 420
99 119 518 425 503 429
100 126 448 434 425 458
100 129 448 434 421 463
101 107 436 370 462 346
101 151 436 370 457 350
101 163 436 370 462 342
102 170 397 430 371 402
102 176 397 430 376 403
102 177 397 430 422 410
103 179 373 512 394 541
103 180 373 512 398 537
103 181 373 512 399 532
104 134 548 445 532 450
104 174 548 445 548 444
105 178 531 361 507 388
105 187 531 361 508 334
106 150 521 420 531 414
106 189 521 420 493 447
107 142 462 346 481 346
107 151 462 346 457 350
107 163 462 346 462 342
108 186 530 522 552 542
108 191 530 522 554 549
108 192 530 522 554 548
109 146 514 365 486 392
110 188 573 410 602 382
110 194 573 410 602 432
110 196 573 410 595 432
111 124 421 559 428 561
111 197 421 559 394 533
112 124 448 539 428 561
112 198 448 539 426 559
112 199 448 539 422 518
113 144 620 377 647 355
113 154 620 377 627 382
113 188 620 377 602 382
114 147 556 486 582 457
114 152 556 486 580 460
115 127 372 469 350 443
115 183 372 469 377 469
115 195 372 469 345 494
116 142 495 347 481 346
116 149 495 347 482 341
116 187 495 347 508 334
117 118 586 380 580 378
117 131 586 380 597 396
117 188 586 380 602 382
119 125 503 429 503 430
119 134 503 429 532 450
121 173 579 328 551 351
121 182 579 328 557 357
123 166 483 370 490 367
124 171 428 561 452 584
125 135 503 430 474 403
125 157 503 430 479 456
126 129 425 458 421 463
126 156 425 458 400 486
127 183 350 443 377 469
130 136 630 330 658 307
130 172 630 330 655 351
133 146 505 392 486 392
133 175 505 392 480 415
134 174 532 450 548 444
135 146 474 403 486 392
135 175 474 403 480 415
137 141 355 584 331 613
138 140 647 398 647 397
142 149 481 346 482 341
143 159 436 293 407 264
144 153 647 355 650 354
144 154 647 355 627 382
145 168 351 534 374 558
145 169 351 534 346 530
147 152 582 457 580 460
147 164 582 457 608 437
150 190 531 414 557 440
150 193 531 414 531 415
151 163 457 350 462 342
153 155 650 354 654 351
155 172 654 351 655 351
157 189 479 456 493 447
158 160 626 481 619 465
159 185 407 264 387 244
163 166 462 342 490 367
164 194 608 437 602 432
164 196 608 437 595 432
165 179 405 533 394 541
165 180 405 533 398 537
165 181 405 533 399 532
168 169 374 558 346 530
170 176 371 402 376 403
173 182 551 351 557 357
174 190 548 444 557 440
178 193 507 388 531 415
179 180 394 541 398 537
179 181 394 541 399 532
180 184 398 537 420 517
181 197 399 532 394 533
184 199 420 517 422 518
186 191 552 542 554 549
186 192 552 542 554 548
191 192 554 549 554 548
194 196 602 432 595 432
