150 7 365 4.866667
1 15 18 27 33 39 44 55 58 79 80 87 93 95 104 108 119 
0 1 500 500 520 475
1 2 520 475 494 453
1 4 520 475 541 499
1 5 520 475 547 446
1 8 520 475 545 454
1 9 520 475 518 473
1 19 520 475 514 471
2 3 494 453 469 481
2 7 494 453 473 428
2 11 494 453 493 451
2 13 494 453 472 432
2 59 494 453 493 450
2 97 494 453 497 447
3 114 469 481 472 472
3 147 469 481 471 479
4 19 541 499 514 471
4 34 541 499 545 495
4 36 541 499 541 496
4 46 541 499 547 492
4 51 541 499 547 501
5 6 547 446 527 421
5 8 547 446 545 454
5 9 547 446 518 473
5 15 547 446 523 419
5 16 547 446 552 446
5 23 547 446 546 446
6 15 527 421 523 419
6 16 527 421 552 446
6 24 527 421 525 419
6 25 527 421 554 447
6 35 527 421 522 423
6 42 527 421 499 393
7 10 473 428 444 455
7 12 473 428 444 401
7 13 473 428 472 432
7 17 473 428 497 402
7 32 473 428 466 434
7 54 473 428 472 431
8 16 545 454 552 446
8 20 545 454 565 474
8 22 545 454 567 476
8 23 545 454 546 446
8 25 545 454 554 447
9 11 518 473 493 451
9 19 518 473 514 471
9 23 518 473 546 446
9 34 518 473 545 495
9 38 518 473 523 471
10 14 444 455 424 430
10 26 444 455 444 452
10 45 444 455 421 481
10 49 444 455 419 482
10 62 444 455 452 456
10 112 444 455 445 455
11 35 493 451 522 423
11 54 493 451 472 431
11 59 493 451 493 450
11 97 493 451 497 447
11 118 493 451 504 446
12 21 444 401 472 381
12 28 444 401 445 407
12 31 444 401 423 424
12 37 444 401 446 395
12 50 444 401 421 375
12 63 444 401 443 400
13 28 472 432 445 407
13 32 472 432 466 434
13 54 472 432 472 431
13 62 472 432 452 456
13 134 472 432 464 433
14 18 424 430 402 401
14 26 424 430 444 452
14 31 424 430 423 424
14 56 424 430 401 406
14 67 424 430 404 401
14 70 424 430 415 428
15 24 523 419 525 419
15 29 523 419 501 392
15 35 523 419 522 423
15 48 523 419 521 417
15 81 523 419 544 390
16 23 552 446 546 446
16 24 552 446 525 419
16 25 552 446 554 447
16 41 552 446 542 448
17 29 497 402 501 392
17 42 497 402 499 393
17 47 497 402 497 393
17 55 497 402 520 379
17 57 497 402 518 374
17 69 497 402 500 402
18 56 402 401 401 406
18 67 402 401 404 401
18 77 402 401 424 375
18 103 402 401 378 380
18 106 402 401 380 379
18 126 402 401 381 424
19 38 514 471 523 471
19 52 514 471 522 467
19 83 514 471 525 473
19 110 514 471 517 468
20 22 565 474 567 476
20 36 565 474 541 496
20 65 565 474 572 477
20 73 565 474 561 473
20 82 565 474 588 499
20 88 565 474 568 483
21 27 472 381 446 357
21 40 472 381 493 357
21 53 472 381 470 384
21 60 472 381 498 354
21 61 472 381 472 368
21 64 472 381 467 377
22 33 567 476 596 504
22 39 567 476 596 454
22 51 567 476 547 501
22 65 567 476 572 477
22 73 567 476 561 473
23 25 546 446 554 447
23 41 546 446 542 448
23 83 546 446 525 473
24 35 525 419 522 423
24 47 525 419 497 393
24 48 525 419 521 417
24 85 525 419 522 427
25 41 554 447 542 448
25 68 554 447 534 467
25 99 554 447 547 446
26 30 444 452 420 479
26 62 444 452 452 456
26 112 444 452 445 455
26 113 444 452 447 460
26 114 444 452 472 472
27 44 446 357 420 329
27 53 446 357 470 384
27 64 446 357 467 377
27 66 446 357 424 385
27 78 446 357 422 328
27 109 446 357 443 347
28 32 445 407 466 434
28 37 445 407 446 395
28 43 445 407 424 383
28 63 445 407 443 400
28 75 445 407 452 393
29 42 501 392 499 393
29 47 501 392 497 393
29 48 501 392 521 417
29 69 501 392 500 402
29 98 501 392 526 371
30 45 420 479 421 481
30 49 420 479 419 482
30 76 420 479 423 481
30 96 420 479 421 483
30 112 420 479 445 455
30 120 420 479 394 458
31 37 423 424 446 395
31 63 423 424 443 400
31 70 423 424 415 428
31 71 423 424 403 452
31 121 423 424 451 404
32 54 466 434 472 431
32 123 466 434 446 408
32 127 466 434 486 454
32 134 466 434 464 433
33 65 596 504 572 477
33 79 596 504 622 530
33 82 596 504 588 499
33 143 596 504 621 477
34 36 545 495 541 496
34 38 545 495 523 471
34 46 545 495 547 492
34 51 545 495 547 501
34 52 545 495 522 467
35 41 522 423 542 448
35 48 522 423 521 417
35 59 522 423 493 450
36 46 541 496 547 492
36 51 541 496 547 501
36 73 541 496 561 473
36 84 541 496 520 520
37 61 446 395 472 368
37 63 446 395 443 400
37 75 446 395 452 393
37 121 446 395 451 404
38 46 523 471 547 492
38 52 523 471 522 467
38 68 523 471 534 467
38 83 523 471 525 473
39 88 596 454 568 483
39 93 596 454 623 433
39 102 596 454 619 427
39 138 596 454 572 427
40 58 493 357 498 354
40 60 493 357 498 354
40 108 493 357 492 351
40 139 493 357 505 347
41 99 542 448 547 446
41 110 542 448 517 468
41 116 542 448 548 451
42 47 499 393 497 393
42 69 499 393 500 402
42 90 499 393 473 367
42 115 499 393 493 404
43 50 424 383 421 375
43 66 424 383 424 385
43 77 424 383 424 375
43 129 424 383 450 355
43 135 424 383 424 383
44 78 420 329 422 328
44 80 420 329 446 300
44 119 420 329 396 352
44 144 420 329 398 356
45 49 421 481 419 482
45 76 421 481 423 481
45 96 421 481 421 483
46 51 547 492 547 501
46 74 547 492 568 519
47 69 497 393 500 402
47 115 497 393 493 404
47 128 497 393 497 405
48 85 521 417 522 427
48 94 521 417 514 425
48 99 521 417 547 446
49 72 419 482 448 502
49 76 419 482 423 481
49 92 419 482 443 509
49 96 419 482 421 483
50 66 421 375 424 385
50 77 421 375 424 375
50 109 421 375 443 347
50 111 421 375 442 346
50 135 421 375 424 383
52 68 522 467 534 467
52 83 522 467 525 473
52 97 522 467 497 447
52 110 522 467 517 468
53 61 470 384 472 368
53 64 470 384 467 377
53 90 470 384 473 367
53 115 470 384 493 404
53 146 470 384 463 367
54 132 472 431 498 410
54 134 472 431 464 433
55 57 520 379 518 374
55 58 520 379 498 354
55 69 520 379 500 402
55 98 520 379 526 371
55 125 520 379 547 358
56 67 401 406 404 401
56 141 401 406 395 414
57 98 518 374 526 371
57 108 518 374 492 351
58 60 498 354 498 354
58 107 498 354 522 334
58 108 498 354 492 351
58 139 498 354 505 347
59 94 493 450 514 425
59 97 493 450 497 447
59 118 493 450 504 446
59 127 493 450 486 454
60 108 498 354 492 351
60 139 498 354 505 347
61 64 472 368 467 377
61 75 472 368 452 393
61 90 472 368 473 367
61 146 472 368 463 367
62 112 452 456 445 455
62 113 452 456 447 460
63 70 443 400 415 428
63 75 443 400 452 393
63 121 443 400 451 404
64 90 467 377 473 367
64 146 467 377 463 367
65 73 572 477 561 473
65 88 572 477 568 483
65 116 572 477 548 451
65 145 572 477 573 466
66 77 424 385 424 375
66 135 424 385 424 383
66 141 424 385 395 414
67 141 404 401 395 414
68 83 534 467 525 473
68 110 534 467 517 468
69 85 500 402 522 427
69 115 500 402 493 404
70 124 415 428 444 404
70 140 415 428 390 453
71 120 403 452 394 458
71 140 403 452 390 453
71 148 403 452 396 454
72 76 448 502 423 481
72 92 448 502 443 509
72 147 448 502 471 479
73 88 561 473 568 483
73 145 561 473 573 466
74 136 568 519 565 517
75 121 452 393 451 404
75 123 452 393 446 408
75 124 452 393 444 404
76 96 423 481 421 483
76 113 423 481 447 460
76 148 423 481 396 454
77 135 424 375 424 383
78 89 422 328 443 302
78 133 422 328 449 300
79 86 622 530 610 527
79 91 622 530 648 554
80 89 446 300 443 302
80 133 446 300 449 300
80 142 446 300 417 274
82 86 588 499 610 527
83 110 525 473 517 468
83 118 525 473 504 446
84 101 520 520 545 549
84 104 520 520 545 546
85 94 522 427 514 425
85 128 522 427 497 405
86 87 610 527 583 547
87 117 583 547 605 567
87 137 583 547 588 538
87 149 583 547 587 544
88 145 568 483 573 466
89 133 443 302 449 300
90 146 473 367 463 367
92 96 443 509 421 483
93 95 623 433 644 406
93 100 623 433 599 413
93 102 623 433 619 427
95 131 644 406 670 433
97 118 497 447 504 446
97 127 497 447 486 454
98 139 526 371 505 347
99 116 547 446 548 451
99 145 547 446 573 466
101 104 545 549 545 546
103 106 378 380 380 379
104 105 545 546 522 574
104 136 545 546 565 517
108 130 492 351 472 329
108 139 492 351 505 347
109 111 443 347 442 346
109 129 443 347 450 355
109 146 443 347 463 367
111 129 442 346 450 355
112 113 445 455 447 460
114 147 472 472 471 479
115 128 493 404 497 405
115 132 493 404 498 410
118 127 504 446 486 454
119 122 396 352 372 327
119 144 396 352 398 356
120 140 394 458 390 453
120 148 394 458 396 454
121 123 451 404 446 408
121 124 451 404 444 404
123 124 446 408 444 404
126 141 381 424 395 414
127 134 486 454 464 433
128 132 497 405 498 410
129 135 450 355 424 383
129 146 450 355 463 367
136 137 565 517 588 538
136 149 565 517 587 544
137 149 588 538 587 544
140 148 390 453 396 454
