100 4 149 2.98
3 5 6 11 12 16 19 20 22 30 31 35 38 40 43 48 54 57 60 64 72 90 93 
0 1 500 500 476 522
0 2 500 500 473 478
0 3 500 500 521 525
0 9 500 500 501 502
1 29 476 522 479 523
1 36 476 522 476 523
1 81 476 522 479 528
2 4 473 478 447 456
2 7 473 478 476 483
2 13 473 478 479 475
3 5 521 525 543 553
3 8 521 525 543 498
3 9 521 525 501 502
4 7 447 456 476 483
4 10 447 456 471 428
4 11 447 456 427 480
5 6 543 553 572 575
6 12 572 575 601 599
6 14 572 575 601 595
6 15 572 575 596 603
7 13 476 483 479 475
7 24 476 483 478 482
8 70 543 498 542 505
9 13 501 502 479 475
9 24 501 502 478 482
10 20 471 428 447 408
10 25 471 428 494 404
10 41 471 428 474 428
11 22 427 480 404 506
11 27 427 480 451 502
11 45 427 480 449 452
12 14 601 599 601 595
12 15 601 599 596 603
12 16 601 599 576 578
13 24 479 475 478 482
14 15 601 595 596 603
14 17 601 595 627 575
15 18 596 603 616 627
16 34 576 578 554 604
16 35 576 578 555 601
16 59 576 578 603 550
17 19 627 575 600 546
17 39 627 575 614 584
17 44 627 575 621 574
18 21 616 627 644 650
18 23 616 627 644 652
18 38 616 627 637 606
19 44 600 546 621 574
19 52 600 546 579 525
19 54 600 546 620 572
20 30 447 408 418 386
20 41 447 408 474 428
20 50 447 408 475 383
21 23 644 650 644 652
21 56 644 650 669 628
21 60 644 650 617 622
22 62 404 506 376 533
22 63 404 506 378 481
22 71 404 506 427 532
23 28 644 652 669 625
23 72 644 652 622 628
24 74 478 482 452 505
25 26 494 404 523 378
25 37 494 404 518 383
25 42 494 404 518 433
26 37 523 378 518 383
26 57 523 378 495 354
26 64 523 378 522 389
27 29 451 502 479 523
27 36 451 502 476 523
27 55 451 502 456 501
28 32 669 625 641 596
28 56 669 625 669 628
28 58 669 625 697 600
29 31 479 523 502 544
29 36 479 523 476 523
30 43 418 386 392 362
30 53 418 386 447 413
30 61 418 386 398 408
31 33 502 544 530 520
31 40 502 544 479 571
31 65 502 544 509 545
32 38 641 596 637 606
32 77 641 596 619 616
32 78 641 596 670 625
33 65 530 520 509 545
33 70 530 520 542 505
33 89 530 520 514 529
34 35 554 604 555 601
35 49 555 601 583 626
36 55 476 523 456 501
37 46 518 383 497 409
37 64 518 383 522 389
38 39 637 606 614 584
38 66 637 606 657 582
39 44 614 584 621 574
39 54 614 584 620 572
40 87 479 571 499 597
40 91 479 571 501 598
40 93 479 571 457 594
42 47 518 433 538 455
42 48 518 433 539 404
42 75 518 433 516 435
43 82 392 362 363 383
44 54 621 574 620 572
46 51 497 409 476 389
46 64 497 409 522 389
46 98 497 409 485 406
47 67 538 455 513 478
47 68 538 455 513 476
47 75 538 455 516 435
48 83 539 404 568 383
48 84 539 404 512 378
48 99 539 404 564 430
50 51 475 383 476 389
50 90 475 383 471 381
51 90 476 389 471 381
51 98 476 389 485 406
54 76 620 572 645 547
55 74 456 501 452 505
55 86 456 501 465 485
56 78 669 628 670 625
56 88 669 628 693 606
57 90 495 354 471 381
57 92 495 354 473 325
57 95 495 354 466 330
58 88 697 600 693 606
60 72 617 622 622 628
60 73 617 622 588 648
60 77 617 622 619 616
64 80 522 389 551 369
65 85 509 545 504 555
65 89 509 545 514 529
67 68 513 478 513 476
67 69 513 478 491 507
67 70 513 478 542 505
69 86 491 507 465 485
69 94 491 507 492 509
70 89 542 505 514 529
72 77 622 628 619 616
72 79 622 628 649 606
74 81 452 505 479 528
81 85 479 528 504 555
84 98 512 378 485 406
86 94 465 485 492 509
87 91 499 597 501 598
90 96 471 381 499 360
92 95 473 325 466 330
93 97 457 594 436 568
