50 5 74 2.96
0 1 2 4 5 7 8 9 15 16 20 23 24 25 26 27 28 30 36 38 40 
0 1 500 500 528 477
0 3 500 500 522 476
0 4 500 500 477 476
1 2 528 477 554 451
1 3 528 477 522 476
2 7 554 451 526 431
2 14 554 451 576 422
2 19 554 451 569 438
2 27 554 451 542 458
4 5 477 476 454 501
4 21 477 476 482 475
5 6 454 501 433 479
5 8 454 501 432 528
5 29 454 501 459 506
6 9 433 479 455 453
6 10 433 479 454 451
6 12 433 479 406 506
6 13 433 479 434 477
7 15 526 431 548 407
7 16 526 431 501 402
7 17 526 431 549 404
7 18 526 431 548 409
8 22 432 528 412 550
9 10 455 453 454 451
9 11 455 453 433 424
9 21 455 453 482 475
9 40 455 453 459 450
10 13 454 451 434 477
10 40 454 451 459 450
12 23 406 506 434 484
12 28 406 506 412 505
13 23 434 477 434 484
13 28 434 477 412 505
13 29 434 477 459 506
14 19 576 422 569 438
14 20 576 422 571 437
14 35 576 422 600 401
15 17 548 407 549 404
15 18 548 407 548 409
15 24 548 407 571 387
16 26 501 402 523 373
17 18 549 404 548 409
18 19 548 409 569 438
18 20 548 409 571 437
19 20 569 438 571 437
19 31 569 438 594 413
20 27 571 437 542 458
20 48 571 437 595 466
21 40 482 475 459 450
23 30 434 484 406 457
24 25 571 387 597 360
24 34 571 387 573 386
25 33 597 360 571 335
25 34 597 360 573 386
25 39 597 360 599 361
26 37 523 373 498 353
26 42 523 373 522 381
27 32 542 458 518 429
27 45 542 458 541 457
28 43 412 505 385 484
30 36 406 457 383 433
30 38 406 457 384 430
31 35 594 413 600 401
32 45 518 429 541 457
34 39 573 386 599 361
36 38 383 433 384 430
36 41 383 433 355 453
36 47 383 433 357 455
37 42 498 353 522 381
38 44 384 430 362 406
38 49 384 430 362 405
40 46 459 450 482 427
41 47 355 453 357 455
44 49 362 406 362 405
