50 7 81 3.24
0 1 3 5 8 9 10 15 16 18 23 25 28 30 36 38 
0 1 500 500 524 474
0 2 500 500 476 524
0 4 500 500 503 503
0 5 500 500 480 475
0 12 500 500 501 500
0 44 500 500 507 497
1 4 524 474 503 503
1 8 524 474 545 453
1 20 524 474 521 477
2 3 476 524 448 547
2 13 476 524 455 552
2 31 476 524 479 523
2 42 476 524 479 532
3 10 448 547 476 575
3 13 448 547 455 552
3 14 448 547 452 553
3 24 448 547 421 576
4 6 503 503 528 525
4 9 503 503 527 527
4 12 503 503 501 500
4 44 503 503 507 497
5 15 480 475 459 497
6 7 528 525 549 552
6 9 528 525 527 527
6 12 528 525 501 500
6 44 528 525 507 497
7 17 549 552 526 573
7 21 549 552 529 575
7 22 549 552 550 544
7 27 549 552 555 550
7 36 549 552 554 552
8 26 545 453 519 428
9 28 527 527 555 506
10 11 476 575 501 554
10 14 476 575 452 553
10 29 476 575 448 596
10 48 476 575 483 575
11 19 501 554 527 578
11 30 501 554 530 576
11 42 501 554 479 532
12 20 501 500 521 477
12 44 501 500 507 497
13 14 455 552 452 553
13 31 455 552 479 523
13 48 455 552 483 575
15 16 459 497 434 474
15 43 459 497 432 472
16 18 434 474 410 448
16 23 434 474 459 448
16 33 434 474 414 497
16 43 434 474 432 472
17 19 526 573 527 578
17 21 526 573 529 575
17 22 526 573 550 544
17 27 526 573 555 550
17 30 526 573 530 576
18 25 410 448 388 420
18 32 410 448 411 445
18 47 410 448 430 422
19 21 527 578 529 575
19 30 527 578 530 576
21 30 529 575 530 576
22 27 550 544 555 550
22 36 550 544 554 552
23 45 459 448 482 421
25 32 388 420 411 445
25 35 388 420 359 396
25 41 388 420 364 397
27 36 555 550 554 552
28 40 555 506 576 533
30 36 530 576 554 552
30 37 530 576 503 597
31 42 479 523 479 532
32 38 411 445 382 467
33 34 414 497 387 476
34 38 387 476 382 467
35 41 359 396 364 397
36 46 554 552 575 579
38 39 382 467 355 439
38 49 382 467 355 442
39 49 355 439 355 442
