200 6 472 4.72
25 32 46 59 63 72 79 81 94 104 117 118 122 124 126 141 178 186 
0 1 500 500 520 480
0 2 500 500 480 526
0 3 500 500 477 522
0 4 500 500 525 529
0 5 500 500 495 504
0 7 500 500 493 504
1 5 520 480 495 504
1 7 520 480 493 504
1 8 520 480 521 477
1 31 520 480 524 482
1 138 520 480 521 485
2 3 480 526 477 522
2 9 480 526 465 526
2 11 480 526 474 532
2 19 480 526 474 528
2 23 480 526 469 531
3 9 477 522 465 526
3 11 477 522 474 532
3 19 477 522 474 528
3 23 477 522 469 531
4 6 525 529 548 504
4 10 525 529 502 558
4 16 525 529 504 503
4 22 525 529 515 522
4 24 525 529 497 509
5 7 495 504 493 504
5 11 495 504 474 532
5 14 495 504 494 499
5 16 495 504 504 503
6 8 548 504 521 477
6 28 548 504 569 531
6 31 548 504 524 482
6 39 548 504 542 514
6 98 548 504 541 502
7 9 493 504 465 526
7 14 493 504 494 499
7 16 493 504 504 503
8 12 521 477 498 457
8 14 521 477 494 499
8 18 521 477 542 455
8 21 521 477 541 452
9 11 465 526 474 532
9 19 465 526 474 528
9 23 465 526 469 531
10 33 502 558 473 537
10 34 502 558 522 538
10 38 502 558 480 538
10 40 502 558 479 532
10 45 502 558 474 531
11 13 474 532 448 557
11 19 474 532 474 528
12 15 498 457 470 478
12 49 498 457 470 429
12 54 498 457 496 455
12 60 498 457 472 431
12 77 498 457 495 447
13 19 448 557 474 528
13 20 448 557 445 556
13 35 448 557 426 536
13 41 448 557 470 533
13 43 448 557 452 565
14 16 494 499 504 503
14 17 494 499 466 471
14 22 494 499 515 522
15 17 470 478 466 471
15 27 470 478 497 507
15 30 470 478 491 501
15 44 470 478 447 454
15 55 470 478 447 450
16 24 504 503 497 509
16 26 504 503 484 531
17 51 466 471 492 500
17 65 466 471 439 497
17 71 466 471 463 469
17 76 466 471 474 488
18 21 542 455 541 452
18 32 542 455 564 428
18 42 542 455 521 432
18 48 542 455 543 453
18 53 542 455 546 456
19 20 474 528 445 556
20 23 445 556 469 531
20 25 445 556 422 582
20 36 445 556 471 583
20 43 445 556 452 565
21 48 541 452 543 453
21 53 541 452 546 456
21 56 541 452 515 427
21 67 541 452 517 430
22 34 515 522 522 538
22 37 515 522 492 494
22 64 515 522 497 517
22 69 515 522 495 548
23 26 469 531 484 531
23 29 469 531 446 509
24 27 497 509 497 507
24 30 497 509 491 501
24 37 497 509 492 494
24 47 497 509 500 508
25 79 422 582 395 609
25 80 422 582 451 606
25 81 422 582 401 609
25 82 422 582 444 553
25 90 422 582 401 554
26 33 484 531 473 537
26 38 484 531 480 538
26 40 484 531 479 532
26 41 484 531 470 533
27 30 497 507 491 501
27 37 497 507 492 494
27 47 497 507 500 508
27 51 497 507 492 500
28 52 569 531 542 557
28 95 569 531 570 535
28 98 569 531 541 502
28 101 569 531 571 532
28 107 569 531 589 504
29 65 446 509 439 497
29 76 446 509 474 488
29 87 446 509 445 504
29 103 446 509 451 499
29 113 446 509 468 533
30 37 491 501 492 494
30 47 491 501 500 508
30 50 491 501 467 525
31 53 524 482 546 456
31 54 524 482 496 455
31 68 524 482 550 459
31 115 524 482 501 506
32 46 564 428 590 455
32 118 564 428 585 407
32 127 564 428 592 449
32 151 564 428 535 399
32 157 564 428 537 402
33 38 473 537 480 538
33 40 473 537 479 532
33 41 473 537 470 533
33 45 473 537 474 531
34 39 522 538 542 514
34 64 522 538 497 517
34 86 522 538 514 529
34 123 522 538 500 563
35 43 426 536 452 565
35 73 426 536 427 543
35 84 426 536 422 529
35 121 426 536 455 509
35 141 426 536 434 529
36 135 471 583 470 572
36 162 471 583 491 563
36 165 471 583 492 562
36 182 471 583 492 561
37 47 492 494 500 508
37 51 492 494 492 500
38 40 480 538 479 532
38 41 480 538 470 533
38 45 480 538 474 531
39 58 542 514 568 490
39 98 542 514 541 502
39 106 542 514 544 511
39 129 542 514 566 485
40 41 479 532 470 533
40 45 479 532 474 531
41 45 470 533 474 531
42 48 521 432 543 453
42 56 521 432 515 427
42 61 521 432 497 411
42 67 521 432 517 430
42 74 521 432 548 459
43 73 452 565 427 543
43 82 452 565 444 553
43 96 452 565 441 552
44 55 447 454 447 450
44 92 447 454 419 427
44 102 447 454 446 461
44 137 447 454 475 474
44 142 447 454 424 478
45 47 474 531 500 508
46 127 590 455 592 449
46 133 590 455 567 484
46 159 590 455 564 433
46 180 590 455 616 477
46 185 590 455 612 480
47 51 500 508 492 500
48 53 543 453 546 456
48 68 543 453 550 459
48 74 543 453 548 459
49 59 470 429 498 403
49 60 470 429 472 431
49 78 470 429 447 408
49 89 470 429 465 421
49 93 470 429 494 456
50 62 467 525 464 520
50 87 467 525 445 504
50 96 467 525 441 552
50 100 467 525 461 525
50 113 467 525 468 533
51 62 492 500 464 520
51 64 492 500 497 517
52 86 542 557 514 529
52 95 542 557 570 535
52 101 542 557 571 532
52 117 542 557 549 560
52 120 542 557 542 549
53 57 546 456 568 479
53 68 546 456 550 459
54 77 496 455 495 447
54 93 496 455 494 456
54 99 496 455 491 456
54 134 496 455 524 427
55 63 447 450 422 479
55 70 447 450 420 421
55 72 447 450 424 428
55 75 447 450 418 425
56 67 515 427 517 430
56 77 515 427 495 447
56 99 515 427 491 456
56 105 515 427 490 398
57 58 568 479 568 490
57 129 568 479 566 485
57 133 568 479 567 484
57 152 568 479 563 474
57 153 568 479 545 458
58 66 568 490 590 516
58 129 568 490 566 485
58 133 568 490 567 484
58 152 568 490 563 474
59 61 498 403 497 411
59 104 498 403 475 380
59 105 498 403 490 398
59 154 498 403 474 379
59 167 498 403 525 380
60 89 472 431 465 421
60 111 472 431 474 432
60 163 472 431 472 418
60 176 472 431 448 453
61 105 497 411 490 398
61 108 497 411 522 437
61 188 497 411 469 434
61 190 497 411 521 434
62 100 464 520 461 525
62 113 464 520 468 533
62 116 464 520 491 491
62 121 464 520 455 509
63 103 422 479 451 499
63 110 422 479 400 506
63 124 422 479 402 500
63 142 422 479 424 478
63 144 422 479 394 450
64 115 497 517 501 506
64 147 497 517 494 507
64 158 497 517 488 504
65 71 439 497 463 469
65 87 439 497 445 504
65 103 439 497 451 499
65 125 439 497 441 492
66 107 590 516 589 504
66 130 590 516 566 539
66 136 590 516 562 541
66 191 590 516 612 489
66 197 590 516 562 544
67 108 517 430 522 437
67 134 517 430 524 427
67 190 517 430 521 434
68 74 550 459 548 459
68 152 550 459 563 474
68 153 550 459 545 458
69 123 495 548 500 563
69 162 495 548 491 563
69 165 495 548 492 562
69 182 495 548 492 561
69 199 495 548 473 521
70 72 420 421 424 428
70 75 420 421 418 425
70 92 420 421 419 427
71 83 463 469 489 498
71 102 463 469 446 461
71 112 463 469 465 470
71 137 463 469 475 474
72 75 424 428 418 425
72 91 424 428 449 399
72 92 424 428 419 427
72 94 424 428 403 402
73 82 427 543 444 553
73 84 427 543 422 529
73 96 427 543 441 552
73 132 427 543 441 550
74 138 548 459 521 485
74 153 548 459 545 458
75 88 418 425 441 401
75 92 418 425 419 427
76 83 474 488 489 498
76 102 474 488 446 461
76 116 474 488 491 491
76 128 474 488 481 486
77 93 495 447 494 456
77 99 495 447 491 456
77 163 495 447 472 418
78 88 447 408 441 401
78 91 447 408 449 399
78 97 447 408 441 404
78 111 447 408 474 432
78 114 447 408 447 407
79 81 395 609 401 609
79 85 395 609 366 581
79 156 395 609 422 583
79 193 395 609 374 584
81 122 401 609 381 637
81 143 401 609 377 633
82 84 444 553 422 529
82 96 444 553 441 552
82 132 444 553 441 550
83 100 489 498 461 525
83 112 489 498 465 470
83 115 489 498 501 506
83 116 489 498 491 491
84 141 422 529 434 529
84 145 422 529 445 553
84 174 422 529 399 549
85 179 366 581 378 578
85 193 366 581 374 584
86 120 514 529 542 549
86 147 514 529 494 507
86 158 514 529 488 504
86 181 514 529 522 534
87 103 445 504 451 499
87 121 445 504 455 509
87 125 445 504 441 492
88 89 441 401 465 421
88 91 441 401 449 399
88 97 441 401 441 404
88 114 441 401 447 407
89 111 465 421 474 432
89 126 465 421 444 401
89 163 465 421 472 418
90 174 401 554 399 549
90 179 401 554 378 578
91 97 449 399 441 404
91 114 449 399 447 407
91 119 449 399 442 407
92 97 419 427 441 404
92 119 419 427 442 407
93 99 494 456 491 456
93 148 494 456 517 481
93 166 494 456 514 478
94 175 403 402 375 377
95 101 570 535 571 532
95 130 570 535 566 539
95 136 570 535 562 541
95 197 570 535 562 544
96 132 441 552 441 550
96 135 441 552 470 572
97 114 441 404 447 407
97 119 441 404 442 407
98 106 541 502 544 511
98 169 541 502 544 516
98 192 541 502 513 473
99 198 491 456 464 432
100 113 461 525 468 533
100 121 461 525 455 509
100 132 461 525 441 550
101 106 571 532 544 511
101 117 571 532 549 560
101 130 571 532 566 539
102 155 446 461 426 482
102 176 446 461 448 453
103 121 451 499 455 509
103 125 451 499 441 492
104 109 475 380 449 352
104 131 475 380 468 372
104 140 475 380 451 351
104 154 475 380 474 379
106 169 544 511 544 516
106 194 544 511 567 488
106 196 544 511 537 501
107 183 589 504 568 484
108 134 522 437 524 427
108 190 522 437 521 434
109 140 449 352 451 351
110 124 400 506 402 500
110 161 400 506 402 500
111 114 474 432 447 407
111 163 474 432 472 418
111 188 474 432 469 434
112 125 465 470 441 492
112 137 465 470 475 474
112 184 465 470 471 483
113 177 468 533 463 539
113 199 468 533 473 521
114 119 447 407 442 407
115 116 501 506 491 491
115 128 501 506 481 486
115 147 501 506 494 507
116 128 491 491 481 486
116 147 491 491 494 507
117 120 549 560 542 549
117 149 549 560 569 580
117 168 549 560 574 588
117 170 549 560 544 563
118 171 585 407 605 381
118 173 585 407 605 427
118 195 585 407 559 384
119 126 442 407 444 401
120 170 542 549 544 563
121 141 455 509 434 529
122 143 381 637 377 633
122 146 381 637 410 662
122 189 381 637 361 661
123 162 500 563 491 563
123 165 500 563 492 562
123 181 500 563 522 534
123 182 500 563 492 561
124 160 402 500 427 473
124 161 402 500 402 500
124 164 402 500 382 527
125 155 441 492 426 482
126 131 444 401 468 372
126 178 444 401 418 379
127 139 592 449 617 422
127 152 592 449 563 474
127 172 592 449 616 470
128 137 481 486 475 474
128 158 481 486 488 504
128 184 481 486 471 483
129 133 566 485 567 484
129 152 566 485 563 474
129 183 566 485 568 484
130 136 566 539 562 541
130 169 566 539 544 516
130 170 566 539 544 563
131 154 468 372 474 379
132 145 441 550 445 553
133 183 567 484 568 484
133 194 567 484 567 488
134 190 524 427 521 434
136 197 562 541 562 544
137 184 475 474 471 483
138 148 521 485 517 481
138 166 521 485 514 478
138 192 521 485 513 473
139 173 617 422 605 427
141 150 434 529 457 509
142 155 424 478 426 482
142 160 424 478 427 473
142 161 424 478 402 500
147 158 494 507 488 504
147 184 494 507 471 483
148 166 517 481 514 478
148 192 517 481 513 473
149 168 569 580 574 588
151 157 535 399 537 402
152 183 563 474 568 484
155 160 426 482 427 473
162 165 491 563 492 562
162 177 491 563 463 539
162 182 491 563 492 561
163 188 472 418 469 434
163 198 472 418 464 432
165 182 492 562 492 561
166 192 514 478 513 473
166 196 514 478 537 501
169 196 544 516 537 501
172 180 616 470 616 477
172 185 616 470 612 480
172 191 616 470 612 489
178 186 418 379 398 359
179 193 378 578 374 584
180 185 616 477 612 480
180 191 616 477 612 489
183 194 568 484 567 488
185 191 612 480 612 489
186 187 398 359 378 333
188 198 469 434 464 432
