100 5 169 3.38
2 3 14 24 26 30 31 32 43 50 51 52 54 55 58 60 63 66 74 78 
0 1 500 500 523 529
0 2 500 500 526 477
0 38 500 500 498 501
0 70 500 500 485 503
1 5 523 529 548 549
1 7 523 529 497 549
1 10 523 529 518 524
1 11 523 529 519 534
2 3 526 477 551 449
2 4 526 477 546 506
3 6 551 449 529 428
3 8 551 449 530 420
3 19 551 449 525 425
3 23 551 449 554 444
4 11 546 506 519 534
4 98 546 506 541 496
5 17 548 549 548 560
5 40 548 549 541 550
5 61 548 549 547 556
6 8 529 428 530 420
6 13 529 428 554 400
6 19 529 428 525 425
6 20 529 428 528 420
7 9 497 549 469 527
7 10 497 549 518 524
7 12 497 549 472 573
7 28 497 549 474 569
8 19 530 420 525 425
8 20 530 420 528 420
8 31 530 420 528 422
9 16 469 527 449 547
9 21 469 527 442 547
9 25 469 527 468 524
9 35 469 527 467 531
10 11 518 524 519 534
10 38 518 524 498 501
10 40 518 524 541 550
11 17 519 534 548 560
11 41 519 534 512 530
12 18 472 573 452 601
12 28 472 573 474 569
12 47 472 573 476 585
12 96 472 573 476 583
13 14 554 400 583 374
13 15 554 400 574 375
13 20 554 400 528 420
13 22 554 400 549 400
14 15 583 374 574 375
14 24 583 374 603 395
14 53 583 374 554 354
14 58 583 374 558 352
15 22 574 375 549 400
15 34 574 375 551 404
15 77 574 375 594 352
16 21 449 547 442 547
16 46 449 547 448 557
16 57 449 547 452 563
16 76 449 547 449 556
17 32 548 560 570 582
17 40 548 560 541 550
17 61 548 560 547 556
18 30 452 601 423 580
18 89 452 601 426 576
18 95 452 601 452 590
19 20 525 425 528 420
19 31 525 425 528 422
20 23 528 420 554 444
21 25 442 547 468 524
21 27 442 547 417 522
21 37 442 547 416 568
22 29 549 400 520 375
22 31 549 400 528 422
22 34 549 400 551 404
23 44 554 444 562 431
23 45 554 444 581 417
23 49 554 444 557 443
24 26 603 395 628 374
24 36 603 395 627 374
24 43 603 395 579 423
24 54 603 395 623 415
25 33 468 524 488 551
25 35 468 524 467 531
25 59 468 524 446 502
26 36 628 374 627 374
26 51 628 374 654 353
26 69 628 374 650 352
26 72 628 374 651 396
27 50 417 522 444 499
27 67 417 522 419 532
27 93 417 522 428 533
27 94 417 522 437 496
28 47 474 569 476 585
28 85 474 569 451 545
28 95 474 569 452 590
29 39 520 375 526 380
29 42 520 375 540 402
29 97 520 375 542 398
30 37 423 580 416 568
30 46 423 580 448 557
30 76 423 580 449 556
30 79 423 580 394 609
31 68 528 422 499 448
32 61 570 582 547 556
32 66 570 582 593 558
33 35 488 551 467 531
33 41 488 551 512 530
33 84 488 551 509 523
33 87 488 551 499 561
34 39 551 404 526 380
34 42 551 404 540 402
34 56 551 404 549 405
36 52 627 374 602 345
36 99 627 374 651 396
37 89 416 568 426 576
38 70 498 501 485 503
39 56 526 380 549 405
40 48 541 550 561 522
40 61 541 550 547 556
41 70 512 530 485 503
41 84 512 530 509 523
42 44 540 402 562 431
42 56 540 402 549 405
42 97 540 402 542 398
43 44 579 423 562 431
43 45 579 423 581 417
43 73 579 423 600 443
44 49 562 431 557 443
45 49 581 417 557 443
46 47 448 557 476 585
46 57 448 557 452 563
46 67 448 557 419 532
47 57 476 585 452 563
47 87 476 585 499 561
48 98 561 522 541 496
50 59 444 499 446 502
50 64 444 499 424 479
50 71 444 499 471 477
50 94 444 499 437 496
51 69 654 353 650 352
51 78 654 353 677 381
52 55 602 345 628 325
52 77 602 345 594 352
53 58 554 354 558 352
54 65 623 415 599 389
55 63 628 325 649 299
55 92 628 325 600 296
56 97 549 405 542 398
57 76 452 563 449 556
57 85 452 563 451 545
58 60 558 352 536 327
59 94 446 502 437 496
60 62 536 327 510 303
60 74 536 327 559 305
60 90 536 327 509 347
63 91 649 299 678 275
66 81 593 558 614 580
67 93 419 532 428 533
70 83 485 503 462 477
71 83 471 477 462 477
72 99 651 396 651 396
74 75 559 305 586 326
74 82 559 305 530 277
74 86 559 305 587 277
76 85 449 556 451 545
76 93 449 556 428 533
78 80 677 381 705 356
78 88 677 381 681 380
80 88 705 356 681 380
87 96 499 561 476 583
