100 5 172 3.44
15 29 30 31 33 35 36 37 38 44 46 51 55 62 63 67 73 76 81 84 90 
0 1 500 500 520 529
0 15 500 500 502 512
0 89 500 500 505 490
1 2 520 529 498 552
1 3 520 529 526 532
1 4 520 529 548 501
1 68 520 529 524 528
2 3 498 552 526 532
2 14 498 552 506 555
2 95 498 552 513 555
3 14 526 532 506 555
3 15 526 532 502 512
3 68 526 532 524 528
4 5 548 501 576 522
4 6 548 501 552 502
4 7 548 501 570 474
4 20 548 501 549 496
5 6 576 522 552 502
5 8 576 522 598 497
5 13 576 522 581 530
5 23 576 522 574 526
6 11 552 502 524 479
6 13 552 502 581 530
6 20 552 502 549 496
7 10 570 474 592 451
7 20 570 474 549 496
7 25 570 474 590 450
7 45 570 474 571 470
8 9 598 497 625 522
8 22 598 497 598 504
8 32 598 497 607 506
8 36 598 497 584 504
9 18 625 522 619 524
9 26 625 522 621 529
9 34 625 522 635 529
9 42 625 522 648 544
10 12 592 451 619 478
10 19 592 451 621 476
10 25 592 451 590 450
10 30 592 451 620 425
11 64 524 479 526 467
12 16 619 478 641 500
12 19 619 478 621 476
12 21 619 478 645 501
12 35 619 478 613 478
13 23 581 530 574 526
13 27 581 530 574 531
13 32 581 530 607 506
14 17 506 555 484 581
14 95 506 555 513 555
15 38 502 512 473 488
15 66 502 512 480 532
16 18 641 500 619 524
16 21 641 500 645 501
16 48 641 500 642 505
16 52 641 500 647 499
17 24 484 581 511 604
17 40 484 581 510 610
17 54 484 581 485 579
17 58 484 581 482 582
18 22 619 524 598 504
18 26 619 524 621 529
18 34 619 524 635 529
19 35 621 476 613 478
19 52 621 476 647 499
19 57 621 476 601 501
20 45 549 496 571 470
20 64 549 496 526 467
21 26 645 501 621 529
21 33 645 501 671 476
21 44 645 501 670 480
22 23 598 504 574 526
22 27 598 504 574 531
22 32 598 504 607 506
23 27 574 526 574 531
23 47 574 526 600 497
24 37 511 604 537 581
24 40 511 604 510 610
24 54 511 604 485 579
24 58 511 604 482 582
25 35 590 450 613 478
25 62 590 450 619 429
25 65 590 450 617 427
26 29 621 529 646 554
26 34 621 529 635 529
27 28 574 531 552 555
27 49 574 531 595 557
28 61 552 555 581 581
28 68 552 555 524 528
28 70 552 555 524 528
28 71 552 555 532 533
29 42 646 554 648 544
29 46 646 554 666 582
29 75 646 554 622 578
29 77 646 554 669 577
30 31 620 425 599 398
30 41 620 425 642 400
30 62 620 425 619 429
30 65 620 425 617 427
31 56 599 398 574 371
31 72 599 398 623 370
31 81 599 398 578 375
31 84 599 398 627 427
32 34 607 506 635 529
32 47 607 506 600 497
33 44 671 476 670 480
33 79 671 476 700 501
33 85 671 476 642 497
33 92 671 476 650 503
34 42 635 529 648 544
35 36 613 478 584 504
35 43 613 478 633 451
36 47 584 504 600 497
36 55 584 504 562 530
36 57 584 504 601 501
37 59 537 581 563 607
37 95 537 581 513 555
37 96 537 581 563 553
38 39 473 488 446 464
40 69 510 610 507 602
42 50 648 544 622 566
42 91 648 544 668 523
44 48 670 480 642 505
44 73 670 480 695 457
44 74 670 480 691 460
45 99 571 470 593 495
46 63 666 582 691 609
46 77 666 582 669 577
47 57 600 497 601 501
47 99 600 497 593 495
48 52 642 505 647 499
48 76 642 505 662 526
48 85 642 505 642 497
49 51 595 557 624 586
49 60 595 557 596 566
50 53 622 566 598 594
50 75 622 566 622 578
51 60 624 586 596 566
51 75 624 586 622 578
51 87 624 586 646 610
52 85 647 499 642 497
52 92 647 499 650 503
53 88 598 594 583 582
54 58 485 579 482 582
55 78 562 530 540 558
56 81 574 371 578 375
57 99 601 501 593 495
58 69 482 582 507 602
59 67 563 607 558 609
59 88 563 607 583 582
61 67 581 581 558 609
61 88 581 581 583 582
62 65 619 429 617 427
62 80 619 429 593 458
62 84 619 429 627 427
63 83 691 609 717 635
63 90 691 609 718 633
64 89 526 467 505 490
65 84 617 427 627 427
67 82 558 609 537 634
68 70 524 528 524 528
68 71 524 528 532 533
70 71 524 528 532 533
73 74 695 457 691 460
73 93 695 457 669 483
76 86 662 526 682 549
76 91 662 526 668 523
81 97 578 375 554 395
83 90 717 635 718 633
84 94 627 427 606 400
85 92 642 497 650 503
90 98 718 633 698 659
