100 7 211 4.22
11 12 13 20 34 35 36 38 41 63 66 73 78 79 85 87 
0 1 500 500 529 523
0 4 500 500 529 474
0 6 500 500 507 501
0 14 500 500 506 498
0 42 500 500 503 485
0 48 500 500 505 506
0 93 500 500 501 512
1 2 529 523 553 548
1 3 529 523 527 528
1 6 529 523 507 501
1 24 529 523 533 522
1 43 529 523 534 527
2 3 553 548 527 528
2 7 553 548 533 574
2 11 553 548 575 573
2 13 553 548 581 571
2 18 553 548 527 570
2 32 553 548 560 547
3 9 527 528 549 499
3 16 527 528 553 505
3 24 527 528 533 522
3 43 527 528 534 527
4 5 529 474 554 445
4 14 529 474 506 498
4 61 529 474 528 462
4 69 529 474 532 472
5 8 554 445 533 424
5 10 554 445 581 417
5 22 554 445 574 422
5 30 554 445 548 443
5 58 554 445 546 447
5 64 554 445 561 443
6 14 507 501 506 498
6 15 507 501 478 521
6 39 507 501 479 529
6 42 507 501 503 485
6 43 507 501 534 527
7 18 533 574 527 570
7 23 533 574 513 550
7 55 533 574 533 571
7 57 533 574 540 569
7 88 533 574 527 577
8 12 533 424 511 395
8 25 533 424 533 422
8 56 533 424 559 402
8 94 533 424 531 421
9 16 549 499 553 505
9 98 549 499 562 503
10 22 581 417 574 422
10 40 581 417 553 395
10 54 581 417 558 388
11 13 575 573 581 571
11 21 575 573 600 600
11 34 575 573 601 593
11 37 575 573 583 574
11 72 575 573 584 573
12 25 511 395 533 422
12 33 511 395 540 366
13 32 581 571 560 547
13 37 581 571 583 574
13 72 581 571 584 573
13 78 581 571 606 547
14 42 506 498 503 485
14 45 506 498 486 525
14 48 506 498 505 506
14 93 506 498 501 512
15 17 478 521 449 545
15 27 478 521 449 492
15 28 478 521 499 544
15 36 478 521 453 550
15 39 478 521 479 529
15 45 478 521 486 525
16 50 553 505 578 476
16 81 553 505 577 481
16 98 553 505 562 503
17 19 449 545 472 569
17 36 449 545 453 550
17 47 449 545 449 548
17 59 449 545 422 523
17 60 449 545 446 541
17 76 449 545 449 542
18 55 527 570 533 571
18 57 527 570 540 569
18 88 527 570 527 577
18 91 527 570 550 544
19 20 472 569 494 590
19 35 472 569 474 561
19 47 472 569 449 548
19 62 472 569 475 565
19 76 472 569 449 542
19 90 472 569 473 576
20 26 494 590 473 615
20 35 494 590 474 561
20 63 494 590 467 615
20 86 494 590 465 616
21 34 600 600 601 593
21 46 600 600 573 624
21 97 600 600 601 602
22 30 574 422 548 443
22 58 574 422 546 447
23 24 513 550 533 522
23 28 513 550 499 544
23 55 513 550 533 571
23 65 513 550 506 555
23 75 513 550 495 545
23 82 513 550 516 549
24 43 533 522 534 527
25 53 533 422 504 442
25 64 533 422 561 443
25 94 533 422 531 421
26 63 473 615 467 615
26 86 473 615 465 616
27 29 449 492 471 466
27 31 449 492 474 464
27 41 449 492 473 466
27 52 449 492 429 516
27 84 449 492 420 512
27 96 449 492 448 496
28 65 499 544 506 555
28 75 499 544 495 545
28 82 499 544 516 549
29 31 471 466 474 464
29 41 471 466 473 466
30 38 548 443 577 468
30 58 548 443 546 447
30 64 548 443 561 443
31 41 474 464 473 466
31 42 474 464 503 485
32 37 560 547 583 574
32 57 560 547 540 569
32 72 560 547 584 573
32 91 560 547 550 544
34 49 601 593 624 621
34 51 601 593 627 567
34 67 601 593 625 568
34 97 601 593 601 602
35 44 474 561 451 586
35 60 474 561 446 541
35 62 474 561 475 565
35 90 474 561 473 576
36 47 453 550 449 548
36 60 453 550 446 541
36 76 453 550 449 542
36 83 453 550 430 573
37 72 583 574 584 573
38 50 577 468 578 476
38 71 577 468 606 489
38 81 577 468 577 481
39 45 479 529 486 525
39 48 479 529 505 506
39 74 479 529 480 533
39 99 479 529 500 501
40 54 553 395 558 388
40 56 553 395 559 402
41 66 473 466 494 443
41 70 473 466 444 442
41 73 473 466 448 437
42 99 503 485 500 501
43 65 534 527 506 555
43 98 534 527 562 503
45 74 486 525 480 533
45 93 486 525 501 512
46 97 573 624 601 602
47 60 449 548 446 541
47 76 449 548 449 542
47 77 449 548 422 528
47 90 449 548 473 576
48 93 505 506 501 512
48 99 505 506 500 501
50 81 578 476 577 481
51 67 627 567 625 568
52 59 429 516 422 523
52 77 429 516 422 528
52 84 429 516 420 512
53 61 504 442 528 462
53 66 504 442 494 443
53 94 504 442 531 421
54 56 558 388 559 402
55 57 533 571 540 569
55 88 533 571 527 577
57 82 540 569 516 549
57 88 540 569 527 577
58 64 546 447 561 443
59 77 422 523 422 528
59 84 422 523 420 512
59 96 422 523 448 496
60 62 446 541 475 565
60 76 446 541 449 542
61 69 528 462 532 472
62 75 475 565 495 545
62 90 475 565 473 576
63 68 467 615 439 642
63 86 467 615 465 616
64 69 561 443 532 472
65 74 506 555 480 533
65 75 506 555 495 545
65 82 506 555 516 549
65 88 506 555 527 577
66 80 494 443 468 418
70 73 444 442 448 437
73 79 448 437 427 417
74 75 480 533 495 545
74 93 480 533 501 512
77 84 422 528 420 512
78 87 606 547 627 519
78 95 606 547 635 527
79 85 427 417 402 445
85 89 402 445 381 469
87 92 627 519 654 493
87 95 627 519 635 527
93 99 501 512 500 501
