150 6 312 4.16
20 22 34 36 38 44 48 53 59 69 79 80 95 96 104 111 118 139 
0 1 500 500 475 480
0 2 500 500 520 521
0 5 500 500 471 479
0 8 500 500 502 509
0 33 500 500 499 501
0 58 500 500 499 504
1 5 475 480 471 479
1 8 475 480 502 509
1 21 475 480 472 480
1 49 475 480 463 491
1 55 475 480 472 476
2 3 520 521 542 495
3 4 542 495 562 516
3 14 542 495 541 487
3 31 542 495 527 495
3 57 542 495 533 501
4 12 562 516 584 544
4 13 562 516 556 521
4 14 562 516 541 487
4 60 562 516 547 517
4 63 562 516 569 518
5 6 471 479 443 508
5 21 471 479 472 480
5 33 471 479 499 501
5 35 471 479 442 505
6 7 443 508 419 482
6 16 443 508 421 487
6 18 443 508 439 511
6 21 443 508 472 480
6 35 443 508 442 505
7 9 419 482 393 458
7 16 419 482 421 487
7 18 419 482 439 511
7 40 419 482 392 454
7 114 419 482 422 493
8 26 502 509 482 529
8 33 502 509 499 501
8 58 502 509 499 504
8 131 502 509 501 502
9 10 393 458 373 436
9 11 393 458 401 462
9 15 393 458 365 485
9 40 393 458 392 454
9 41 393 458 400 464
10 11 373 436 401 462
10 41 373 436 400 464
10 42 373 436 396 462
11 40 401 462 392 454
11 41 401 462 400 464
11 42 401 462 396 462
11 59 401 462 425 436
12 13 584 544 556 521
12 17 584 544 612 572
12 23 584 544 613 518
12 24 584 544 613 573
12 50 584 544 604 516
13 31 556 521 527 495
13 57 556 521 533 501
13 60 556 521 547 517
13 63 556 521 569 518
14 31 541 487 527 495
14 57 541 487 533 501
14 73 541 487 570 516
15 61 365 485 379 487
15 62 365 485 336 464
15 67 365 485 376 489
15 90 365 485 361 489
16 19 421 487 442 463
16 20 421 487 400 515
16 22 421 487 398 512
16 28 421 487 444 464
17 24 612 572 613 573
17 38 612 572 586 601
17 56 612 572 637 593
17 64 612 572 615 570
18 27 439 511 463 533
18 35 439 511 442 505
18 39 439 511 440 507
18 51 439 511 456 504
19 28 442 463 444 464
19 43 442 463 451 453
19 49 442 463 463 491
19 70 442 463 463 437
19 87 442 463 439 461
20 22 400 515 398 512
20 61 400 515 379 487
20 89 400 515 397 517
20 114 400 515 422 493
20 118 400 515 380 543
21 25 472 480 497 453
21 43 472 480 451 453
21 49 472 480 463 491
22 89 398 512 397 517
22 128 398 512 426 539
23 30 613 518 591 494
23 45 613 518 591 493
23 47 613 518 617 517
23 50 613 518 604 516
23 107 613 518 603 510
24 37 613 573 593 602
24 64 613 573 615 570
24 79 613 573 639 599
24 113 613 573 593 593
25 54 497 453 472 432
25 66 497 453 518 476
25 77 497 453 498 458
25 119 497 453 470 426
25 142 497 453 506 467
26 27 482 529 463 533
26 36 482 529 509 556
26 51 482 529 456 504
26 76 482 529 484 531
26 92 482 529 467 525
27 39 463 533 440 507
27 72 463 533 487 555
27 92 463 533 467 525
28 29 444 464 420 441
28 32 444 464 464 439
28 43 444 464 451 453
28 87 444 464 439 461
29 46 420 441 428 433
29 52 420 441 428 436
29 59 420 441 425 436
29 97 420 441 422 430
29 99 420 441 430 426
30 34 591 494 616 465
30 45 591 494 591 493
30 47 591 494 617 517
30 63 591 494 569 518
30 101 591 494 568 518
31 57 527 495 533 501
31 60 527 495 547 517
31 142 527 495 506 467
32 43 464 439 451 453
32 54 464 439 472 432
32 70 464 439 463 437
32 119 464 439 470 426
32 144 464 439 435 460
33 55 499 501 472 476
33 58 499 501 499 504
33 131 499 501 501 502
34 75 616 465 619 468
34 111 616 465 593 445
34 112 616 465 613 466
35 39 442 505 440 507
35 51 442 505 456 504
35 92 442 505 467 525
36 94 509 556 488 580
36 100 509 556 532 585
36 109 509 556 508 562
36 122 509 556 480 580
36 141 509 556 509 560
37 38 593 602 586 601
37 44 593 602 572 631
37 93 593 602 599 606
37 113 593 602 593 593
38 65 586 601 560 579
38 93 586 601 599 606
38 113 586 601 593 593
39 51 440 507 456 504
40 41 392 454 400 464
40 42 392 454 396 462
40 71 392 454 401 463
41 42 400 464 396 462
41 52 400 464 428 436
42 67 396 462 376 489
42 71 396 462 401 463
43 46 451 453 428 433
43 78 451 453 480 480
44 68 572 631 551 603
44 80 572 631 543 659
44 84 572 631 595 658
44 91 572 631 592 654
44 93 572 631 599 606
45 103 591 493 567 513
45 112 591 493 613 466
46 52 428 433 428 436
46 59 428 433 425 436
46 97 428 433 422 430
46 99 428 433 430 426
47 48 617 517 646 496
47 50 617 517 604 516
47 107 617 517 603 510
47 116 617 517 639 488
48 53 646 496 670 470
48 75 646 496 619 468
48 116 646 496 639 488
48 138 646 496 675 518
49 51 463 491 456 504
49 55 463 491 472 476
49 123 463 491 442 465
50 85 604 516 576 537
50 107 604 516 603 510
50 132 604 516 607 521
51 76 456 504 484 531
52 59 428 436 425 436
52 71 428 436 401 463
52 86 428 436 400 456
53 69 670 470 695 450
53 135 670 470 691 446
53 136 670 470 641 441
53 145 670 470 644 446
54 70 472 432 463 437
54 77 472 432 498 458
54 83 472 432 451 404
54 104 472 432 451 407
55 58 472 476 499 504
55 78 472 476 480 480
56 64 637 593 615 570
56 79 637 593 639 599
57 74 533 501 559 524
57 110 533 501 512 481
58 131 499 504 501 502
59 88 425 436 397 415
59 97 425 436 422 430
60 74 547 517 559 524
60 126 547 517 571 542
61 67 379 487 376 489
61 90 379 487 361 489
62 90 336 464 361 489
62 95 336 464 315 491
63 73 569 518 570 516
63 74 569 518 559 524
63 101 569 518 568 518
64 98 615 570 635 544
64 120 615 570 637 542
66 110 518 476 512 481
66 142 518 476 506 467
67 89 376 489 397 517
67 90 376 489 361 489
69 129 695 450 718 470
69 135 695 450 691 446
69 143 695 450 674 422
70 87 463 437 439 461
70 119 463 437 470 426
70 124 463 437 439 466
71 86 401 463 400 456
71 117 401 463 402 452
72 134 487 555 511 577
73 74 570 516 559 524
73 101 570 516 568 518
73 103 570 516 567 513
74 81 559 524 585 553
74 101 559 524 568 518
75 112 619 468 613 466
76 92 484 531 467 525
76 141 484 531 509 560
77 142 498 458 506 467
78 131 480 480 501 502
79 82 639 599 661 624
79 139 639 599 612 622
80 96 543 659 570 682
80 106 543 659 563 685
81 85 585 553 576 537
81 126 585 553 571 542
83 99 451 404 430 426
83 104 451 404 451 407
83 115 451 404 457 406
84 91 595 658 592 654
85 107 576 537 603 510
85 126 576 537 571 542
86 97 400 456 422 430
86 117 400 456 402 452
87 123 439 461 442 465
87 124 439 461 439 466
87 140 439 461 430 478
90 102 361 489 332 511
91 108 592 654 619 631
93 113 599 606 593 593
94 122 488 580 480 580
95 125 315 491 311 486
95 127 315 491 288 514
96 106 570 682 563 685
96 148 570 682 598 706
97 99 422 430 430 426
97 130 422 430 425 436
98 120 635 544 637 542
98 132 635 544 607 521
98 146 635 544 608 516
99 115 430 426 457 406
99 117 430 426 402 452
100 109 532 585 508 562
101 103 568 518 567 513
102 125 332 511 311 486
104 105 451 407 428 378
104 115 451 407 457 406
104 130 451 407 425 436
107 132 603 510 607 521
107 146 603 510 608 516
108 139 619 631 612 622
109 134 508 562 511 577
109 141 508 562 509 560
110 142 512 481 506 467
111 121 593 445 568 474
114 140 422 493 430 478
117 140 402 452 430 478
117 149 402 452 406 435
118 133 380 543 409 563
118 137 380 543 383 535
123 124 442 465 439 466
123 140 442 465 430 478
123 144 442 465 435 460
124 140 439 466 430 478
124 144 439 466 435 460
130 149 425 436 406 435
132 146 607 521 608 516
133 137 409 563 383 535
134 141 511 577 509 560
136 145 641 441 644 446
139 147 612 622 638 647
140 144 430 478 435 460
144 149 435 460 406 435
