200 7 517 5.17
20 28 49 65 67 68 70 75 76 88 90 103 112 131 146 168 
0 1 500 500 478 478
0 3 500 500 504 500
0 4 500 500 526 472
0 14 500 500 506 505
0 64 500 500 502 497
0 69 500 500 500 495
0 163 500 500 502 499
1 2 478 478 455 499
1 3 478 478 504 500
1 22 478 478 484 472
1 31 478 478 484 477
1 35 478 478 476 475
1 87 478 478 475 481
2 5 455 499 484 522
2 6 455 499 427 475
2 7 455 499 430 523
2 9 455 499 430 528
2 10 455 499 429 522
2 17 455 499 431 521
3 8 504 500 529 476
3 14 504 500 506 505
3 18 504 500 525 520
3 22 504 500 484 472
3 64 504 500 502 497
4 8 526 472 529 476
4 12 526 472 547 443
4 13 526 472 504 452
4 30 526 472 531 472
4 47 526 472 525 471
4 192 526 472 530 472
5 27 484 522 510 547
5 42 484 522 481 523
5 121 484 522 492 522
5 190 484 522 482 522
5 193 484 522 479 518
6 15 427 475 404 449
6 25 427 475 403 454
6 26 427 475 429 468
6 33 427 475 451 498
6 39 427 475 452 496
6 66 427 475 439 471
7 9 430 523 430 528
7 10 430 523 429 522
7 17 430 523 431 521
7 24 430 523 406 497
7 48 430 523 429 525
7 54 430 523 410 544
8 11 529 476 555 449
8 14 529 476 506 505
8 29 529 476 554 500
8 30 529 476 531 472
8 47 529 476 525 471
9 10 430 528 429 522
9 17 430 528 431 521
9 23 430 528 403 557
9 48 430 528 429 525
9 51 430 528 459 557
10 16 429 522 402 544
10 17 429 522 431 521
10 43 429 522 408 542
10 48 429 522 429 525
11 12 555 449 547 443
11 40 555 449 555 448
11 72 555 449 558 448
11 86 555 449 551 451
11 106 555 449 553 446
11 109 555 449 554 442
12 20 547 443 574 418
12 40 547 443 555 448
12 72 547 443 558 448
12 86 547 443 551 451
12 106 547 443 553 446
13 19 504 452 529 423
13 21 504 452 503 452
13 31 504 452 484 477
13 35 504 452 476 475
13 63 504 452 526 432
13 77 504 452 498 447
14 34 506 505 531 533
14 64 506 505 502 497
14 69 506 505 500 495
14 163 506 505 502 499
15 25 404 449 403 454
15 28 404 449 375 421
15 32 404 449 408 441
15 36 404 449 429 425
15 96 404 449 375 424
15 98 404 449 411 437
16 23 402 544 403 557
16 38 402 544 378 516
16 43 402 544 408 542
16 52 402 544 377 573
16 54 402 544 410 544
16 82 402 544 424 569
17 48 431 521 429 525
17 59 431 521 438 524
17 60 431 521 439 522
18 34 525 520 531 533
18 46 525 520 553 549
18 64 525 520 502 497
18 69 525 520 500 495
18 78 525 520 528 521
18 79 525 520 526 527
19 21 529 423 503 452
19 57 529 423 530 425
19 63 529 423 526 432
19 86 529 423 551 451
19 88 529 423 501 400
19 111 529 423 503 452
20 89 574 418 573 424
20 122 574 418 602 446
20 124 574 418 602 391
21 30 503 452 531 472
21 53 503 452 483 425
21 57 503 452 530 425
21 77 503 452 498 447
21 87 503 452 475 481
22 31 484 472 484 477
22 35 484 472 476 475
22 50 484 472 462 497
22 61 484 472 460 451
22 87 484 472 475 481
23 43 403 557 408 542
23 54 403 557 410 544
23 75 403 557 378 583
23 99 403 557 374 529
23 101 403 557 379 578
24 26 406 497 429 468
24 44 406 497 386 522
24 80 406 497 403 497
24 116 406 497 384 524
24 155 406 497 404 482
24 194 406 497 395 506
25 32 403 454 408 441
25 98 403 454 411 437
25 102 403 454 409 454
25 139 403 454 381 476
25 150 403 454 402 453
26 32 429 468 408 441
26 66 429 468 439 471
26 80 429 468 403 497
26 91 429 468 433 481
26 94 429 468 432 477
27 42 510 547 481 523
27 90 510 547 484 568
27 93 510 547 507 545
27 136 510 547 489 572
27 142 510 547 532 571
27 149 510 547 511 543
28 71 375 421 384 413
28 96 375 421 375 424
28 156 375 421 399 443
28 179 375 421 363 433
28 180 375 421 348 450
29 37 554 500 553 511
29 45 554 500 555 493
29 47 554 500 525 471
29 79 554 500 526 527
29 92 554 500 552 498
29 95 554 500 582 477
30 40 531 472 555 448
30 45 531 472 555 493
30 47 531 472 525 471
30 192 531 472 530 472
31 35 484 477 476 475
31 55 484 477 455 502
31 87 484 477 475 481
31 127 484 477 485 472
32 71 408 441 384 413
32 98 408 441 411 437
32 102 408 441 409 454
32 134 408 441 379 462
33 39 451 498 452 496
33 48 451 498 429 525
33 50 451 498 462 497
33 55 451 498 455 502
33 58 451 498 457 501
33 85 451 498 463 495
34 37 531 533 553 511
34 78 531 533 528 521
34 79 531 533 526 527
34 119 531 533 557 553
34 184 531 533 533 535
35 87 476 475 475 481
35 108 476 475 448 455
35 127 476 475 485 472
36 100 429 425 457 449
36 150 429 425 402 453
36 196 429 425 430 435
37 45 553 511 555 493
37 65 553 511 579 536
37 92 553 511 552 498
37 115 553 511 556 501
37 129 553 511 554 501
38 44 378 516 386 522
38 67 378 516 381 517
38 99 378 516 374 529
38 104 378 516 400 538
38 116 378 516 384 524
38 117 378 516 390 530
39 50 452 496 462 497
39 55 452 496 455 502
39 58 452 496 457 501
39 85 452 496 463 495
39 113 452 496 449 510
40 41 555 448 577 474
40 72 555 448 558 448
40 86 555 448 551 451
40 106 555 448 553 446
41 49 577 474 578 469
41 62 577 474 602 446
41 92 577 474 552 498
41 95 577 474 582 477
41 115 577 474 556 501
41 126 577 474 599 453
42 58 481 523 457 501
42 121 481 523 492 522
42 154 481 523 454 500
42 161 481 523 455 495
42 163 481 523 502 499
43 54 408 542 410 544
43 97 408 542 430 516
43 104 408 542 400 538
43 105 408 542 416 550
44 67 386 522 381 517
44 99 386 522 374 529
44 107 386 522 411 551
44 116 386 522 384 524
44 117 386 522 390 530
45 49 555 493 578 469
45 92 555 493 552 498
45 115 555 493 556 501
45 129 555 493 554 501
46 119 553 549 557 553
46 138 553 549 557 563
46 158 553 549 557 563
46 160 553 549 574 523
46 172 553 549 575 570
46 176 553 549 575 573
47 77 525 471 498 447
47 109 525 471 554 442
47 192 525 471 530 472
48 59 429 525 438 524
48 60 429 525 439 522
49 95 578 469 582 477
49 195 578 469 600 493
50 55 462 497 455 502
50 58 462 497 457 501
50 85 462 497 463 495
50 113 462 497 449 510
51 73 459 557 480 581
51 74 459 557 439 579
51 84 459 557 466 546
51 118 459 557 451 553
51 133 459 557 457 538
51 143 459 557 432 579
52 70 377 573 399 596
52 75 377 573 378 583
52 83 377 573 373 568
52 101 377 573 379 578
52 114 377 573 374 576
52 137 377 573 398 595
53 56 483 425 458 402
53 81 483 425 478 424
53 120 483 425 487 423
53 140 483 425 474 429
53 147 483 425 479 428
54 59 410 544 438 524
54 60 410 544 439 522
54 67 410 544 381 517
55 58 455 502 457 501
55 85 455 502 463 495
55 91 455 502 433 481
56 81 458 402 478 424
56 147 458 402 479 428
56 169 458 402 455 402
57 63 530 425 526 432
57 72 530 425 558 448
57 106 530 425 553 446
57 112 530 425 554 404
57 144 530 425 528 426
58 85 457 501 463 495
58 113 457 501 449 510
59 60 438 524 439 522
59 84 438 524 466 546
59 97 438 524 430 516
59 113 438 524 449 510
60 85 439 522 463 495
60 97 439 522 430 516
60 105 439 522 416 550
61 66 460 451 439 471
61 94 460 451 432 477
61 100 460 451 457 449
61 108 460 451 448 455
61 120 460 451 487 423
61 166 460 451 453 455
62 68 602 446 626 424
62 122 602 446 602 446
62 126 602 446 599 453
62 165 602 446 628 472
62 167 602 446 624 471
62 182 602 446 606 450
63 130 526 432 551 458
63 144 526 432 528 426
63 151 526 432 526 438
63 171 526 432 501 455
64 69 502 497 500 495
64 163 502 497 502 499
64 192 502 497 530 472
65 103 579 536 601 563
65 138 579 536 557 563
65 158 579 536 557 563
65 160 579 536 574 523
66 91 439 471 433 481
66 94 439 471 432 477
66 108 439 471 448 455
66 148 439 471 431 479
67 99 381 517 374 529
67 116 381 517 384 524
67 117 381 517 390 530
67 181 381 517 357 497
68 76 626 424 652 400
68 153 626 424 628 432
69 78 500 495 528 521
69 163 500 495 502 499
70 83 399 596 373 568
70 114 399 596 374 576
70 137 399 596 398 595
70 157 399 596 424 617
70 164 399 596 370 621
70 174 399 596 427 572
71 96 384 413 375 424
71 98 384 413 411 437
71 179 384 413 363 433
72 86 558 448 551 451
72 106 558 448 553 446
72 109 558 448 554 442
73 90 480 581 484 568
73 118 480 581 451 553
73 136 480 581 489 572
73 162 480 581 484 567
74 82 439 579 424 569
74 132 439 579 428 564
74 143 439 579 432 579
74 174 439 579 427 572
74 191 439 579 432 573
75 83 378 583 373 568
75 101 378 583 379 578
75 114 378 583 374 576
75 146 378 583 355 554
76 175 652 400 632 375
77 111 498 447 503 452
77 171 498 447 501 455
78 79 528 521 526 527
78 93 528 521 507 545
78 184 528 521 533 535
78 188 528 521 532 522
79 177 526 527 547 507
79 184 526 527 533 535
79 187 526 527 528 542
80 155 403 497 404 482
80 194 403 497 395 506
81 120 478 424 487 423
81 140 478 424 474 429
81 147 478 424 479 428
81 169 478 424 455 402
82 132 424 569 428 564
82 143 424 569 432 579
82 174 424 569 427 572
82 191 424 569 432 573
83 101 373 568 379 578
83 114 373 568 374 576
84 118 466 546 451 553
84 121 466 546 492 522
84 133 466 546 457 538
85 87 463 495 475 481
86 89 551 451 573 424
86 106 551 451 553 446
87 113 475 481 449 510
88 123 501 400 480 373
88 135 501 400 502 394
88 144 501 400 528 426
88 189 501 400 524 426
89 141 573 424 548 402
90 128 484 568 459 597
90 136 484 568 489 572
90 149 484 568 511 543
90 162 484 568 484 567
91 94 433 481 432 477
91 148 433 481 431 479
91 173 433 481 420 481
91 197 433 481 425 475
92 115 552 498 556 501
92 129 552 498 554 501
92 177 552 498 547 507
93 110 507 545 535 568
93 149 507 545 511 543
93 152 507 545 510 540
93 178 507 545 503 551
94 102 432 477 409 454
94 148 432 477 431 479
94 159 432 477 424 463
95 129 582 477 554 501
95 182 582 477 606 450
96 179 375 424 363 433
97 113 430 516 449 510
97 185 430 516 434 509
98 102 411 437 409 454
98 150 411 437 402 453
98 156 411 437 399 443
99 116 374 529 384 524
99 117 374 529 390 530
99 194 374 529 395 506
100 108 457 449 448 455
100 127 457 449 485 472
100 166 457 449 453 455
101 114 379 578 374 576
102 148 409 454 431 479
102 150 409 454 402 453
102 156 409 454 399 443
103 186 601 563 628 539
104 107 400 538 411 551
104 117 400 538 390 530
104 132 400 538 428 564
105 107 416 550 411 551
105 132 416 550 428 564
106 109 553 446 554 442
107 117 411 551 390 530
107 191 411 551 432 573
108 166 448 455 453 455
108 173 448 455 420 481
109 130 554 442 551 458
110 142 535 568 532 571
110 145 535 568 530 579
110 152 535 568 510 540
111 140 503 452 474 429
111 171 503 452 501 455
112 131 554 404 583 381
112 141 554 404 548 402
113 154 449 510 454 500
115 129 556 501 554 501
115 177 556 501 547 507
118 133 451 553 457 538
119 138 557 553 557 563
119 145 557 553 530 579
119 158 557 553 557 563
120 140 487 423 474 429
120 147 487 423 479 428
121 190 492 522 482 522
121 193 492 522 479 518
122 125 602 446 630 467
122 126 602 446 599 453
122 182 602 446 606 450
123 135 480 373 502 394
125 165 630 467 628 472
125 167 630 467 624 471
126 153 599 453 628 432
126 182 599 453 606 450
129 177 554 501 547 507
130 151 551 458 526 438
131 168 583 381 556 353
132 133 428 564 457 538
132 143 428 564 432 579
132 174 428 564 427 572
133 162 457 538 484 567
133 185 457 538 434 509
133 193 457 538 479 518
134 139 379 462 381 476
134 155 379 462 404 482
136 162 489 572 484 567
138 158 557 563 557 563
138 172 557 563 575 570
138 184 557 563 533 535
138 187 557 563 528 542
140 147 474 429 479 428
142 145 532 571 530 579
142 178 532 571 503 551
143 174 432 579 427 572
143 191 432 579 432 573
144 151 528 426 526 438
144 189 528 426 524 426
146 183 355 554 331 534
147 166 479 428 453 455
148 159 431 479 424 463
148 170 431 479 409 459
148 173 431 479 420 481
149 152 511 543 510 540
149 178 511 543 503 551
149 187 511 543 528 542
150 156 402 453 399 443
150 170 402 453 409 459
151 189 526 438 524 426
152 178 510 540 503 551
152 187 510 540 528 542
154 161 454 500 455 495
154 190 454 500 482 522
154 199 454 500 460 484
155 173 404 482 420 481
156 159 399 443 424 463
156 170 399 443 409 459
158 172 557 563 575 570
159 170 424 463 409 459
159 173 424 463 420 481
159 197 424 463 425 475
161 199 455 495 460 484
165 167 628 472 624 471
166 196 453 455 430 435
166 197 453 455 425 475
168 198 556 353 581 324
172 176 575 570 575 573
173 197 420 481 425 475
174 191 427 572 432 573
178 188 503 551 532 522
184 187 533 535 528 542
184 188 533 535 532 522
185 199 434 509 460 484
190 193 482 522 479 518
