50 4 65 2.6
0 1 2 4 9 10 11 12 13 14 15 18 20 22 23 24 25 26 29 30 33 34 37 
0 1 500 500 474 528
0 2 500 500 475 474
0 3 500 500 499 500
0 33 500 500 494 507
1 4 474 528 451 549
2 3 475 474 499 500
2 11 475 474 454 446
3 14 499 500 520 478
3 33 499 500 494 507
4 5 451 549 426 576
4 6 451 549 475 574
4 7 451 549 473 572
5 9 426 576 406 549
5 15 426 576 430 581
5 17 426 576 447 601
6 7 475 574 473 572
6 21 475 574 474 580
7 8 473 572 452 552
7 21 473 572 474 580
8 15 452 552 430 581
8 16 452 552 432 526
8 21 452 552 474 580
9 10 406 549 428 526
9 12 406 549 380 574
9 23 406 549 433 526
10 16 428 526 432 526
10 23 428 526 433 526
10 25 428 526 405 499
11 18 454 446 431 419
11 20 454 446 477 423
11 28 454 446 432 472
12 13 380 574 351 597
12 19 380 574 359 597
12 30 380 574 355 601
13 19 351 597 359 597
13 22 351 597 379 619
13 30 351 597 355 601
14 26 520 478 542 455
14 32 520 478 546 498
14 33 520 478 494 507
15 35 430 581 408 606
15 47 430 581 458 609
16 23 432 526 433 526
17 47 447 601 458 609
18 46 431 419 402 444
19 30 359 597 355 601
20 37 477 423 449 401
22 24 379 619 359 642
22 27 379 619 400 644
22 38 379 619 399 645
23 41 433 526 461 551
24 31 359 642 387 665
24 34 359 642 338 619
24 43 359 642 386 613
25 42 405 499 383 476
25 44 405 499 382 470
26 29 542 455 569 484
26 48 542 455 566 426
27 38 400 644 399 645
29 40 569 484 590 455
30 36 355 601 376 574
33 45 494 507 514 529
34 49 338 619 361 642
37 39 449 401 471 376
42 44 383 476 382 470
