200 4 341 3.41
47 59 64 68 78 81 82 87 91 97 99 101 108 111 120 121 122 123 124 127 155 174 
0 1 500 500 525 521
0 2 500 500 476 475
0 3 500 500 503 495
0 17 500 500 501 496
1 3 525 521 503 495
1 87 525 521 540 511
1 119 525 521 513 523
2 4 476 475 454 498
2 6 476 475 455 453
2 13 476 475 478 484
3 17 503 495 501 496
3 24 503 495 494 504
4 5 454 498 476 519
4 12 454 498 456 500
4 14 454 498 483 518
5 14 476 519 483 518
5 17 476 519 501 496
5 76 476 519 477 524
6 7 455 453 479 425
6 8 455 453 434 481
6 9 455 453 430 476
7 11 479 425 506 450
7 15 479 425 499 398
7 18 479 425 472 435
8 9 434 481 430 476
8 16 434 481 432 475
8 22 434 481 414 457
9 10 430 476 450 455
9 12 430 476 456 500
10 13 450 455 478 484
10 18 450 455 472 435
10 21 450 455 472 478
11 20 506 450 528 476
11 26 506 450 529 471
11 27 506 450 493 464
12 16 456 500 432 475
12 25 456 500 459 498
13 21 478 484 472 478
13 28 478 484 504 504
14 24 483 518 494 504
14 25 483 518 459 498
15 19 499 398 497 414
15 29 499 398 522 369
15 31 499 398 525 425
16 32 432 475 407 503
16 34 432 475 409 449
17 28 501 496 504 504
18 19 472 435 497 414
18 27 472 435 493 464
19 23 497 414 523 436
19 33 497 414 473 434
20 26 528 476 529 471
20 35 528 476 533 476
20 37 528 476 499 452
21 24 472 478 494 504
21 40 472 478 449 501
22 34 414 457 409 449
22 43 414 457 435 483
22 44 414 457 437 481
23 31 523 436 525 425
23 46 523 436 543 465
23 48 523 436 496 408
24 28 494 504 504 504
25 40 459 498 449 501
25 49 459 498 434 525
26 35 529 471 533 476
26 46 529 471 543 465
27 37 493 464 499 452
27 45 493 464 514 486
28 35 504 504 533 476
29 30 522 369 544 345
29 36 522 369 502 397
29 38 522 369 502 392
30 41 544 345 564 371
30 47 544 345 573 366
30 50 544 345 515 318
31 51 525 425 552 397
31 56 525 425 504 396
32 57 407 503 381 483
32 58 407 503 408 497
32 59 407 503 381 528
33 42 473 434 452 413
33 61 473 434 472 440
33 66 473 434 449 457
34 53 409 449 385 473
34 65 409 449 408 459
35 46 533 476 543 465
36 38 502 397 502 392
36 48 502 397 496 408
36 56 502 397 504 396
37 63 499 452 476 480
37 69 499 452 478 472
38 39 502 392 476 363
38 48 502 392 496 408
39 70 476 363 453 337
39 71 476 363 449 392
39 73 476 363 502 339
40 68 449 501 457 496
40 76 449 501 477 524
41 47 564 371 573 366
41 52 564 371 542 392
41 80 564 371 541 391
42 61 452 413 472 440
42 67 452 413 432 440
42 75 452 413 469 418
43 44 435 483 437 481
43 83 435 483 458 457
43 84 435 483 414 511
44 65 437 481 408 459
44 85 437 481 415 460
45 54 514 486 539 458
45 86 514 486 487 462
45 87 514 486 540 511
46 54 543 465 539 458
47 55 573 366 551 345
47 64 573 366 600 345
48 56 496 408 504 396
49 58 434 525 408 497
49 60 434 525 430 521
49 68 434 525 457 496
50 79 515 318 536 298
50 88 515 318 493 342
50 93 515 318 539 298
51 52 552 397 542 392
51 80 552 397 541 391
51 90 552 397 550 380
52 80 542 392 541 391
52 90 542 392 550 380
53 57 385 473 381 483
53 62 385 473 359 452
53 91 385 473 363 449
54 94 539 458 563 483
54 95 539 458 514 482
55 97 551 345 577 367
55 98 551 345 525 321
55 104 551 345 525 324
56 89 504 396 479 424
57 103 381 483 392 474
57 107 381 483 402 503
58 60 408 497 430 521
58 72 408 497 403 498
59 77 381 528 354 552
59 78 381 528 374 520
59 109 381 528 356 550
60 72 430 521 403 498
60 84 430 521 414 511
61 89 472 440 479 424
61 110 472 440 449 418
62 91 359 452 363 449
62 120 359 452 388 431
62 123 359 452 387 480
63 69 476 480 478 472
63 112 476 480 474 479
63 125 476 480 447 457
64 124 600 345 621 368
64 126 600 345 624 318
64 127 600 345 622 321
65 85 408 459 415 460
65 96 408 459 409 468
66 83 449 457 458 457
66 112 449 457 474 479
66 125 449 457 447 457
67 96 432 440 409 468
67 128 432 440 461 415
67 129 432 440 455 420
68 133 457 496 482 523
68 136 457 496 480 518
69 86 478 472 487 462
69 112 478 472 474 479
70 137 453 337 482 365
70 141 453 337 481 360
70 142 453 337 424 366
71 75 449 392 469 418
71 132 449 392 439 388
71 146 449 392 428 421
72 78 403 498 374 520
72 84 403 498 414 511
73 74 502 339 523 360
73 88 502 339 493 342
73 117 502 339 530 312
74 90 523 360 550 380
74 92 523 360 500 381
74 138 523 360 547 336
75 89 469 418 479 424
75 102 469 418 495 391
76 108 477 524 503 553
76 116 477 524 504 501
77 81 354 552 334 532
77 101 354 552 379 576
77 109 354 552 356 550
78 150 374 520 402 548
78 151 374 520 400 500
79 82 536 298 561 276
79 93 536 298 539 298
79 117 536 298 530 312
80 115 541 391 517 412
81 145 334 532 305 554
81 153 334 532 357 554
81 154 334 532 312 504
82 135 561 276 568 275
82 155 561 276 539 256
82 156 561 276 539 297
83 125 458 457 447 457
83 162 458 457 433 433
84 106 414 511 417 495
85 96 415 460 409 468
85 131 415 460 411 455
86 118 487 462 498 459
86 164 487 462 460 442
87 165 540 511 512 537
87 170 540 511 566 539
88 172 493 342 519 317
88 177 493 342 466 366
89 100 479 424 507 397
90 147 550 380 522 402
91 103 363 449 392 474
91 182 363 449 334 427
92 100 500 381 507 397
92 102 500 381 495 391
92 140 500 381 473 410
93 117 539 298 530 312
93 130 539 298 545 302
94 111 563 483 587 459
94 121 563 483 563 476
94 185 563 483 584 455
95 99 514 482 489 503
95 113 514 482 534 454
95 134 514 482 513 479
96 103 409 468 392 474
97 160 577 367 575 365
97 186 577 367 604 389
97 188 577 367 554 396
98 104 525 321 525 324
98 105 525 321 546 344
98 114 525 321 520 315
99 116 489 503 504 501
99 119 489 503 513 523
99 122 489 503 462 532
100 102 507 397 495 391
100 115 507 397 517 412
101 143 379 576 359 550
101 163 379 576 358 601
101 167 379 576 388 572
102 157 495 391 517 413
103 106 392 474 417 495
104 114 525 324 520 315
104 130 525 324 545 302
105 114 546 344 520 315
105 138 546 344 547 336
105 160 546 344 575 365
106 107 417 495 402 503
106 151 417 495 400 500
107 151 402 503 400 500
107 158 402 503 407 509
108 159 503 553 525 525
108 161 503 553 531 574
108 165 503 553 512 537
109 143 356 550 359 550
109 153 356 550 357 554
110 128 449 418 461 415
110 129 449 418 455 420
110 166 449 418 473 396
111 178 587 459 613 485
111 185 587 459 584 455
111 187 587 459 558 437
112 118 474 479 498 459
113 121 534 454 563 476
113 134 534 454 513 479
113 139 534 454 508 475
114 168 520 315 520 312
115 147 517 412 522 402
115 157 517 412 517 413
116 189 504 501 527 476
116 190 504 501 524 525
117 130 530 312 545 302
118 139 498 459 508 475
118 175 498 459 477 438
119 159 513 523 525 525
119 165 513 523 512 537
120 131 388 431 411 455
120 191 388 431 364 403
120 192 388 431 408 451
121 194 563 476 583 452
121 195 563 476 584 503
122 196 462 532 491 552
122 197 462 532 439 505
122 198 462 532 441 509
123 158 387 480 407 509
123 169 387 480 410 500
123 199 387 480 362 458
124 171 621 368 596 346
125 164 447 457 460 442
126 127 624 318 622 321
126 174 624 318 595 296
126 183 624 318 624 318
127 148 622 321 651 345
127 183 622 321 624 318
128 129 461 415 455 420
128 132 461 415 439 388
129 149 455 420 427 394
130 135 545 302 568 275
131 192 411 455 408 451
132 149 439 388 427 394
132 181 439 388 418 365
133 136 482 523 480 518
134 139 513 479 508 475
134 189 513 479 527 476
137 141 482 365 481 360
137 177 482 365 466 366
138 168 547 336 520 312
138 193 547 336 555 340
139 189 508 475 527 476
140 166 473 410 473 396
141 177 481 360 466 366
142 144 424 366 400 386
142 181 424 366 418 365
143 153 359 550 357 554
143 167 359 550 388 572
144 180 400 386 421 406
146 162 428 421 433 433
146 180 428 421 421 406
147 157 522 402 517 413
149 180 427 394 421 406
151 152 400 500 371 529
152 176 371 529 391 506
155 184 539 256 516 231
156 173 539 297 514 319
158 169 407 509 410 500
158 176 407 509 391 506
159 190 525 525 524 525
160 193 575 365 555 340
164 175 460 442 477 438
165 190 512 537 524 525
168 172 520 312 519 317
168 173 520 312 514 319
169 176 410 500 391 506
172 173 519 317 514 319
174 179 595 296 567 324
174 183 595 296 624 318
185 194 584 455 583 452
197 198 439 505 441 509
