150 7 354 4.72
2 36 40 42 43 49 58 59 82 83 84 91 99 104 111 133 
0 1 500 500 526 475
0 2 500 500 522 527
0 3 500 500 473 479
0 4 500 500 474 475
0 5 500 500 524 473
0 8 500 500 497 501
0 9 500 500 502 504
1 5 526 475 524 473
1 8 526 475 497 501
1 13 526 475 553 447
1 14 526 475 523 469
1 47 526 475 521 474
1 57 526 475 523 467
2 6 522 527 542 553
2 109 522 527 519 526
2 130 522 527 524 521
2 142 522 527 521 522
3 4 473 479 474 475
3 7 473 479 447 499
3 9 473 479 502 504
3 12 473 479 444 459
3 15 473 479 469 473
3 24 473 479 473 466
4 10 474 475 454 451
4 11 474 475 494 447
4 15 474 475 469 473
4 22 474 475 497 504
4 24 474 475 473 466
5 14 524 473 523 469
5 25 524 473 549 450
5 47 524 473 521 474
5 57 524 473 523 467
5 60 524 473 524 476
7 21 447 499 425 476
7 45 447 499 442 494
7 46 447 499 451 496
7 52 447 499 423 475
7 53 447 499 471 528
7 62 447 499 433 486
8 9 497 501 502 504
8 15 497 501 469 473
8 17 497 501 500 493
8 22 497 501 497 504
8 23 497 501 494 501
9 17 502 504 500 493
9 22 502 504 497 504
9 23 502 504 494 501
9 27 502 504 499 491
10 12 454 451 444 459
10 16 454 451 431 477
10 28 454 451 467 437
10 30 454 451 429 472
10 31 454 451 429 472
10 33 454 451 480 431
11 14 494 447 523 469
11 38 494 447 471 469
11 41 494 447 472 472
11 47 494 447 521 474
11 48 494 447 494 447
11 55 494 447 467 427
12 28 444 459 467 437
12 30 444 459 429 472
12 31 444 459 429 472
12 35 444 459 457 457
12 44 444 459 446 447
13 20 553 447 581 419
13 25 553 447 549 450
13 37 553 447 555 443
13 60 553 447 524 476
13 64 553 447 579 420
13 67 553 447 550 450
14 17 523 469 500 493
14 27 523 469 499 491
14 47 523 469 521 474
14 49 523 469 546 496
15 23 469 473 494 501
15 24 469 473 473 466
15 38 469 473 471 469
15 41 469 473 472 472
16 18 431 477 411 506
16 21 431 477 425 476
16 30 431 477 429 472
16 31 431 477 429 472
16 34 431 477 437 480
16 52 431 477 423 475
17 22 500 493 497 504
17 23 500 493 494 501
17 24 500 493 473 466
17 27 500 493 499 491
18 19 411 506 385 484
18 34 411 506 437 480
18 36 411 506 411 502
18 56 411 506 397 502
18 62 411 506 433 486
18 69 411 506 398 496
19 69 385 484 398 496
19 70 385 484 361 507
19 73 385 484 357 513
19 74 385 484 410 457
19 87 385 484 374 469
19 99 385 484 410 464
20 32 581 419 573 428
20 37 581 419 555 443
20 64 581 419 579 420
20 75 581 419 577 431
20 93 581 419 559 395
20 100 581 419 557 442
21 30 425 476 429 472
21 31 425 476 429 472
21 34 425 476 437 480
21 52 425 476 423 475
21 62 425 476 433 486
22 23 497 504 494 501
22 27 497 504 499 491
22 29 497 504 468 526
23 26 494 501 473 522
23 27 494 501 499 491
24 35 473 466 457 457
24 38 473 466 471 469
24 41 473 466 472 472
25 32 549 450 573 428
25 37 549 450 555 443
25 50 549 450 525 421
25 51 549 450 526 422
25 67 549 450 550 450
26 29 473 522 468 526
26 53 473 522 471 528
26 63 473 522 477 519
26 88 473 522 495 546
26 101 473 522 494 548
26 106 473 522 447 499
27 68 499 491 498 505
27 71 499 491 499 500
28 33 467 437 480 431
28 55 467 437 467 427
28 94 467 437 469 422
28 107 467 437 445 416
28 110 467 437 490 465
29 53 468 526 471 528
29 54 468 526 497 553
29 63 468 526 477 519
29 82 468 526 443 553
29 116 468 526 490 502
30 31 429 472 429 472
30 34 429 472 437 480
30 46 429 472 451 496
31 34 429 472 437 480
31 52 429 472 423 475
32 40 573 428 600 452
32 64 573 428 579 420
32 67 573 428 550 450
32 75 573 428 577 431
32 97 573 428 556 423
33 39 480 431 460 405
33 55 480 431 467 427
33 85 480 431 452 403
33 94 480 431 469 422
33 96 480 431 501 410
34 35 437 480 457 457
34 36 437 480 411 502
35 38 457 457 471 469
35 44 457 457 446 447
35 79 457 457 485 479
35 118 457 457 428 478
36 56 411 502 397 502
36 69 411 502 398 496
36 77 411 502 383 528
36 119 411 502 383 528
36 123 411 502 402 506
37 66 555 443 578 465
37 67 555 443 550 450
37 100 555 443 557 442
37 126 555 443 535 421
38 41 471 469 472 472
38 45 471 469 442 494
38 79 471 469 485 479
39 85 460 405 452 403
39 94 460 405 469 422
39 107 460 405 445 416
39 128 460 405 439 377
39 137 460 405 481 432
39 143 460 405 440 381
40 42 600 452 629 475
40 75 600 452 577 431
40 147 600 452 575 481
41 44 472 472 446 447
41 48 472 472 494 447
41 79 472 472 485 479
42 43 629 475 658 501
42 80 629 475 654 454
42 89 629 475 654 455
42 90 629 475 652 452
43 58 658 501 629 526
43 59 658 501 684 522
43 113 658 501 650 500
44 94 446 447 469 422
45 46 442 494 451 496
45 62 442 494 433 486
45 106 442 494 447 499
45 122 442 494 458 500
46 63 451 496 477 519
46 106 451 496 447 499
46 122 451 496 458 500
47 57 521 474 523 467
47 60 521 474 524 476
47 61 521 474 514 470
48 61 494 447 514 470
48 65 494 447 498 451
48 86 494 447 496 447
48 110 494 447 490 465
48 137 494 447 481 432
49 57 546 496 523 467
49 78 546 496 574 519
49 81 546 496 525 474
49 98 546 496 549 500
49 130 546 496 524 521
50 51 525 421 526 422
50 126 525 421 535 421
51 65 526 422 498 451
51 111 526 422 553 399
51 117 526 422 555 399
51 126 526 422 535 421
51 145 526 422 500 401
52 56 423 475 397 502
52 62 423 475 433 486
52 69 423 475 398 496
53 63 471 528 477 519
53 68 471 528 498 505
53 71 471 528 499 500
53 120 471 528 444 550
54 76 497 553 501 548
54 88 497 553 495 546
54 101 497 553 494 548
54 109 497 553 519 526
54 135 497 553 505 539
54 141 497 553 474 529
55 94 467 427 469 422
55 125 467 427 496 403
55 137 467 427 481 432
56 69 397 502 398 496
56 102 397 502 386 487
56 123 397 502 402 506
57 60 523 467 524 476
57 61 523 467 514 470
57 72 523 467 524 471
58 108 629 526 653 551
58 113 629 526 650 500
58 114 629 526 600 552
58 136 629 526 624 523
58 148 629 526 628 529
59 83 684 522 712 547
59 84 684 522 705 542
59 105 684 522 704 545
59 140 684 522 686 519
60 61 524 476 514 470
60 72 524 476 524 471
60 81 524 476 525 474
61 72 514 470 524 471
61 81 514 470 525 474
61 95 514 470 535 444
62 106 433 486 447 499
62 118 433 486 428 478
63 76 477 519 501 548
63 135 477 519 505 539
63 141 477 519 474 529
64 75 579 420 577 431
64 149 579 420 554 400
65 72 498 451 524 471
65 86 498 451 496 447
65 110 498 451 490 465
66 147 578 465 575 481
67 95 550 450 535 444
67 100 550 450 557 442
67 103 550 450 527 474
68 71 498 505 499 500
68 116 498 505 490 502
69 87 398 496 374 469
69 102 398 496 386 487
70 73 361 507 357 513
70 134 361 507 347 496
71 116 499 500 490 502
72 81 524 471 525 474
72 86 524 471 496 447
72 98 524 471 549 500
73 102 357 513 386 487
73 134 357 513 347 496
74 99 410 457 410 464
74 112 410 457 381 485
76 88 501 548 495 546
76 101 501 548 494 548
76 131 501 548 527 572
76 135 501 548 505 539
77 119 383 528 383 528
79 110 485 479 490 465
79 122 485 479 458 500
80 89 654 454 654 455
80 90 654 454 652 452
81 103 525 474 527 474
82 104 443 553 420 576
82 120 443 553 444 550
83 84 712 547 705 542
83 105 712 547 704 545
83 121 712 547 738 520
83 140 712 547 686 519
84 105 705 542 704 545
84 144 705 542 727 570
85 91 452 403 426 376
85 107 452 403 445 416
86 110 496 447 490 465
87 112 374 469 381 485
87 134 374 469 347 496
88 92 495 546 516 570
88 101 495 546 494 548
88 135 495 546 505 539
88 142 495 546 521 522
89 90 654 455 652 452
91 127 426 376 448 355
91 128 426 376 439 377
91 133 426 376 403 402
91 143 426 376 440 381
92 131 516 570 527 572
93 111 559 395 553 399
93 117 559 395 555 399
93 149 559 395 554 400
94 137 469 422 481 432
95 97 535 444 556 423
96 125 501 410 496 403
96 145 501 410 500 401
97 100 556 423 557 442
99 129 410 464 388 438
101 135 494 548 505 539
102 112 386 487 381 485
104 139 420 576 445 605
106 122 447 499 458 500
108 146 653 551 633 576
108 148 653 551 628 529
109 130 519 526 524 521
109 135 519 526 505 539
109 142 519 526 521 522
111 115 553 399 532 375
111 117 553 399 555 399
111 149 553 399 554 400
114 132 600 552 627 578
114 136 600 552 624 523
117 149 555 399 554 400
118 123 428 478 402 506
118 124 428 478 433 476
122 124 458 500 433 476
125 145 496 403 500 401
128 143 439 377 440 381
130 142 524 521 521 522
132 146 627 578 633 576
133 138 403 402 377 378
136 148 624 523 628 529
