200 5 393 3.93
50 59 69 74 83 87 96 103 104 112 119 133 138 141 144 147 154 157 162 166 176 
0 1 500 500 521 525
0 2 500 500 475 479
0 4 500 500 473 527
0 8 500 500 494 514
0 10 500 500 500 513
1 15 521 525 527 542
1 66 521 525 532 538
1 117 521 525 520 530
2 3 475 479 449 507
2 6 475 479 473 484
2 11 475 479 452 456
2 24 475 479 473 482
3 5 449 507 474 536
3 6 449 507 473 484
3 7 449 507 425 529
3 9 449 507 445 513
4 5 473 527 474 536
4 17 473 527 445 500
4 18 473 527 465 539
4 19 473 527 466 529
5 8 474 536 494 514
5 10 474 536 500 513
5 18 474 536 465 539
6 9 473 484 445 513
6 21 473 484 496 508
6 24 473 484 473 482
7 12 425 529 448 557
7 26 425 529 404 502
7 31 425 529 447 555
7 58 425 529 421 533
8 10 494 514 500 513
8 18 494 514 465 539
8 21 494 514 496 508
9 17 445 513 445 500
9 30 445 513 465 493
9 38 445 513 446 497
10 13 500 513 521 490
10 15 500 513 527 542
11 23 452 456 481 431
11 24 452 456 473 482
11 27 452 456 427 484
11 44 452 456 427 428
12 25 448 557 428 578
12 28 448 557 444 544
12 31 448 557 447 555
12 36 448 557 455 553
13 14 521 490 544 519
13 46 521 490 541 461
13 47 521 490 500 465
13 54 521 490 521 484
14 16 544 519 552 522
14 50 544 519 572 499
14 108 544 519 543 504
14 140 544 519 547 525
15 16 527 542 552 522
15 32 527 542 553 566
15 35 527 542 531 543
16 35 552 522 531 543
16 76 552 522 530 551
16 140 552 522 547 525
17 19 445 500 466 529
17 22 445 500 472 523
17 29 445 500 417 476
18 19 465 539 466 529
18 22 465 539 472 523
19 20 466 529 495 558
19 22 466 529 472 523
20 33 495 558 475 533
20 45 495 558 475 536
20 48 495 558 522 580
20 63 495 558 524 579
21 41 496 508 493 509
21 73 496 508 470 532
21 77 496 508 470 486
22 28 472 523 444 544
22 33 472 523 475 533
23 49 481 431 471 445
23 64 481 431 504 456
23 85 481 431 505 459
23 95 481 431 475 429
24 30 473 482 465 493
24 41 473 482 493 509
25 36 428 578 455 553
25 81 428 578 450 602
25 90 428 578 425 587
25 96 428 578 399 606
26 37 404 502 384 526
26 40 404 502 399 512
26 57 404 502 405 509
26 62 404 502 408 499
27 29 427 484 417 476
27 40 427 484 399 512
27 57 427 484 405 509
27 61 427 484 438 470
28 31 444 544 447 555
28 36 444 544 455 553
28 70 444 544 464 570
29 34 417 476 395 455
29 38 417 476 446 497
29 97 417 476 391 449
30 38 465 493 446 497
30 61 465 493 438 470
30 77 465 493 470 486
31 36 447 555 455 553
31 71 447 555 451 562
32 56 553 566 559 572
32 60 553 566 564 573
32 66 553 566 532 538
32 80 553 566 550 556
33 45 475 533 475 536
33 71 475 533 451 562
33 73 475 533 470 532
34 89 395 455 368 477
34 97 395 455 391 449
34 98 395 455 372 429
34 100 395 455 422 428
35 56 531 543 559 572
35 66 531 543 532 538
35 76 531 543 530 551
36 39 455 553 478 573
37 42 384 526 407 549
37 43 384 526 359 553
37 53 384 526 382 532
37 62 384 526 408 499
38 74 446 497 443 506
38 75 446 497 421 522
39 70 478 573 464 570
39 102 478 573 452 550
39 111 478 573 505 553
39 115 478 573 506 597
40 57 399 512 405 509
40 58 399 512 421 533
40 62 399 512 408 499
41 68 493 509 520 488
41 82 493 509 492 509
41 123 493 509 517 480
42 55 407 549 403 560
42 127 407 549 381 524
42 139 407 549 379 523
42 142 407 549 379 525
43 51 359 553 330 579
43 53 359 553 382 532
43 88 359 553 335 580
43 146 359 553 338 577
44 52 427 428 398 407
44 100 427 428 422 428
44 121 427 428 443 418
44 158 427 428 454 400
45 73 475 536 470 532
45 78 475 536 454 562
45 143 475 536 472 524
46 54 541 461 521 484
46 72 541 461 545 478
46 101 541 461 541 480
46 107 541 461 549 461
47 49 500 465 471 445
47 64 500 465 504 456
47 85 500 465 505 459
47 116 500 465 472 440
48 63 522 580 524 579
48 80 522 580 550 556
48 135 522 580 495 607
48 145 522 580 526 573
49 95 471 445 475 429
49 106 471 445 447 422
49 116 471 445 472 440
50 72 572 499 545 478
50 92 572 499 596 470
50 140 572 499 547 525
50 162 572 499 593 528
51 69 330 579 354 606
51 88 330 579 335 580
51 129 330 579 331 584
51 146 330 579 338 577
52 132 398 407 372 427
52 151 398 407 423 387
52 161 398 407 396 425
52 171 398 407 369 428
53 55 382 532 403 560
53 114 382 532 382 533
53 127 382 532 381 524
54 68 521 484 520 488
54 82 521 484 492 509
54 108 521 484 543 504
55 114 403 560 382 533
55 128 403 560 429 532
55 131 403 560 379 587
56 59 559 572 588 600
56 60 559 572 564 573
56 80 559 572 550 556
57 62 405 509 408 499
57 65 405 509 398 512
58 65 421 533 398 512
58 74 421 533 443 506
58 75 421 533 421 522
59 60 588 600 564 573
59 87 588 600 614 624
59 91 588 600 567 629
59 119 588 600 560 628
60 84 564 573 558 576
60 122 564 573 538 546
61 86 438 470 449 457
61 118 438 470 416 446
61 134 438 470 411 449
62 65 408 499 398 512
63 67 524 579 497 606
63 79 524 579 497 558
63 94 524 579 547 556
64 85 504 456 505 459
64 95 504 456 475 429
64 99 504 456 478 479
65 110 398 512 369 490
65 112 398 512 421 533
66 76 532 538 530 551
66 93 532 538 535 552
67 115 497 606 506 597
67 124 497 606 475 585
67 135 497 606 495 607
67 172 497 606 477 634
68 107 520 488 549 461
68 109 520 488 546 464
68 113 520 488 534 484
69 175 354 606 378 585
69 176 354 606 328 583
69 177 354 606 328 630
69 185 354 606 380 586
70 71 464 570 451 562
70 78 464 570 454 562
70 124 464 570 475 585
71 78 451 562 454 562
71 102 451 562 452 550
72 83 545 478 566 451
72 101 545 478 541 480
72 107 545 478 549 461
73 126 470 532 491 561
73 136 470 532 494 555
74 149 443 506 415 482
74 167 443 506 442 502
74 195 443 506 465 483
75 112 421 522 421 533
75 128 421 522 429 532
75 167 421 522 442 502
76 84 530 551 558 576
76 93 530 551 535 552
77 86 470 486 449 457
77 99 470 486 478 479
77 105 470 486 481 481
78 90 454 562 425 587
78 102 454 562 452 550
79 111 497 558 505 553
79 126 497 558 491 561
79 136 497 558 494 555
79 155 497 558 477 582
80 93 550 556 535 552
80 94 550 556 547 556
81 153 450 602 422 628
81 154 450 602 426 625
81 160 450 602 470 627
81 187 450 602 455 614
82 137 492 509 502 502
82 190 492 509 465 481
83 101 566 451 541 480
83 107 566 451 549 461
83 138 566 451 546 426
83 148 566 451 573 444
84 93 558 576 535 552
85 105 505 459 481 481
85 113 505 459 534 484
86 169 449 457 473 435
87 103 614 624 640 650
88 104 335 580 308 555
88 129 335 580 331 584
88 146 335 580 338 577
89 110 368 477 369 490
89 125 368 477 389 499
89 130 368 477 367 471
89 193 368 477 390 498
91 119 567 629 560 628
92 148 596 470 573 444
93 94 535 552 547 556
94 117 547 556 520 530
94 122 547 556 538 546
95 116 475 429 472 440
95 169 475 429 473 435
96 170 399 606 427 631
96 183 399 606 376 626
97 130 391 449 367 471
97 163 391 449 401 451
97 178 391 449 400 454
98 132 372 429 372 427
98 171 372 429 369 428
98 174 372 429 366 426
98 178 372 429 400 454
99 105 478 479 481 481
99 137 478 479 502 502
99 190 478 479 465 481
100 118 422 428 416 446
100 163 422 428 401 451
101 109 541 480 546 464
101 113 541 480 534 484
102 143 452 550 472 524
102 181 452 550 454 556
103 144 640 650 664 675
104 129 308 555 331 584
104 133 308 555 287 533
105 188 481 481 508 460
105 190 481 481 465 481
106 121 447 422 443 418
106 150 447 422 452 413
106 152 447 422 420 398
107 109 549 461 546 464
108 189 543 504 514 481
110 130 369 490 367 471
111 126 505 553 491 561
111 136 505 553 494 555
111 164 505 553 476 578
112 128 421 533 429 532
112 184 421 533 400 560
112 199 421 533 394 509
113 123 534 484 517 480
114 127 382 533 381 524
114 139 382 533 379 523
114 142 382 533 379 525
115 135 506 597 495 607
115 145 506 597 526 573
116 150 472 440 452 413
116 169 472 440 473 435
118 121 416 446 443 418
118 134 416 446 411 449
118 163 416 446 401 451
119 120 560 628 581 602
121 150 443 418 452 413
121 194 443 418 416 397
123 189 517 480 514 481
124 155 475 585 477 582
124 164 475 585 476 578
124 187 475 585 455 614
125 193 389 499 390 498
125 199 389 499 394 509
126 136 491 561 494 555
127 139 381 524 379 523
127 142 381 524 379 525
128 181 429 532 454 556
129 146 331 584 338 577
129 176 331 584 328 583
131 175 379 587 378 585
131 185 379 587 380 586
132 166 372 427 345 401
132 171 372 427 369 428
132 174 372 427 366 426
133 159 287 533 263 555
134 163 411 449 401 451
134 178 411 449 400 454
138 141 546 426 519 403
139 142 379 523 379 525
141 147 519 403 542 383
144 157 664 675 688 697
144 182 664 675 641 704
146 176 338 577 328 583
147 156 542 383 569 410
150 158 452 413 454 400
151 152 423 387 420 398
151 194 423 387 416 397
152 161 420 398 396 425
152 194 420 398 416 397
153 154 422 628 426 625
153 170 422 628 427 631
154 165 426 625 404 652
154 170 426 625 427 631
155 164 477 582 476 578
155 191 477 582 481 592
157 173 688 697 717 674
157 192 688 697 710 677
160 172 470 627 477 634
160 187 470 627 455 614
162 168 593 528 620 500
162 180 593 528 616 548
162 196 593 528 569 551
163 178 401 451 400 454
164 191 476 578 481 592
166 174 345 401 366 426
166 186 345 401 371 377
169 179 473 435 496 459
171 174 369 428 366 426
173 192 717 674 710 677
175 185 378 585 380 586
176 198 328 583 350 608
179 188 496 459 508 460
181 197 454 556 460 563
187 191 455 614 481 592
190 195 465 481 465 483
191 197 481 592 460 563
193 199 390 498 394 509
