150 3 195 2.6
40 44 53 55 58 62 65 70 75 76 78 80 82 84 86 87 88 92 94 103 105 107 111 124 140 
0 1 500 500 529 521
0 2 500 500 471 523
0 12 500 500 506 495
1 3 529 521 552 499
1 4 529 521 555 541
2 5 471 523 449 550
2 7 471 523 500 545
3 6 552 499 529 471
3 8 552 499 574 523
4 22 555 541 543 548
4 56 555 541 554 546
5 9 449 550 473 573
5 11 449 550 451 553
6 12 529 471 506 495
6 61 529 471 525 472
7 10 500 545 498 552
7 13 500 545 521 522
8 17 574 523 603 494
8 20 574 523 599 549
9 10 473 573 498 552
9 11 473 573 451 553
10 14 498 552 476 532
11 15 451 553 429 575
12 16 506 495 482 515
13 19 521 522 493 497
13 22 521 522 543 548
14 16 476 532 482 515
14 23 476 532 503 507
15 18 429 575 452 552
15 24 429 575 402 596
16 25 482 515 456 544
17 27 603 494 581 518
17 28 603 494 628 521
18 25 452 552 456 544
18 32 452 552 423 580
19 23 493 497 503 507
19 30 493 497 521 519
20 21 599 549 578 569
20 26 599 549 598 549
21 26 578 569 598 549
21 33 578 569 553 591
22 35 543 548 569 574
23 34 503 507 525 527
24 36 402 596 378 624
24 37 402 596 429 621
25 29 456 544 476 524
26 38 598 549 575 523
27 31 581 518 556 494
27 38 581 518 575 523
28 39 628 521 603 542
28 40 628 521 607 499
29 42 476 524 496 497
29 45 476 524 452 500
30 34 521 519 525 527
30 43 521 519 548 497
31 43 556 494 548 497
31 47 556 494 583 522
32 49 423 580 443 558
32 51 423 580 450 600
33 44 553 591 581 562
33 50 553 591 582 568
34 52 525 527 547 500
35 44 569 574 581 562
35 50 569 574 582 568
36 48 378 624 357 603
36 53 378 624 407 652
37 41 429 621 458 596
37 46 429 621 451 598
38 47 575 523 583 522
39 54 603 542 575 514
39 55 603 542 625 562
40 58 607 499 632 473
40 59 607 499 634 524
41 46 458 596 451 598
41 51 458 596 450 600
42 60 496 497 473 517
42 61 496 497 525 472
43 52 548 497 547 500
44 65 581 562 559 585
45 67 452 500 474 529
45 69 452 500 478 478
46 70 451 598 475 621
47 54 583 522 575 514
48 57 357 603 333 577
48 71 357 603 336 583
49 72 443 558 472 533
49 73 443 558 416 536
50 56 582 568 554 546
51 68 450 600 425 576
52 66 547 500 559 498
53 75 407 652 432 672
53 77 407 652 436 627
54 74 575 514 587 521
55 80 625 562 650 586
55 82 625 562 603 541
56 64 554 546 531 520
57 71 333 577 336 583
57 84 333 577 305 605
58 62 632 473 652 501
58 83 632 473 655 446
59 85 634 524 658 545
59 86 634 524 662 547
60 67 473 517 474 529
60 72 473 517 472 533
61 63 525 472 551 449
62 76 652 501 675 530
62 88 652 501 672 475
63 89 551 449 580 428
63 91 551 449 528 421
64 66 531 520 559 498
64 78 531 520 558 494
65 93 559 585 539 558
65 94 559 585 580 611
66 74 559 498 587 521
67 79 474 529 503 500
68 81 425 576 400 604
68 95 425 576 396 547
69 97 478 478 453 502
69 99 478 478 502 501
70 100 475 621 455 643
70 101 475 621 455 601
71 90 336 583 364 610
72 102 472 533 493 513
73 103 416 536 387 509
73 105 416 536 391 560
74 106 587 521 616 546
75 107 432 672 404 700
75 109 432 672 457 696
76 111 675 530 699 502
76 112 675 530 698 508
77 113 436 627 461 605
77 114 436 627 460 602
78 116 558 494 534 474
78 124 558 494 532 522
79 99 503 500 502 501
79 102 503 500 493 513
80 92 650 586 627 565
80 115 650 586 675 607
81 117 400 604 376 577
81 129 400 604 374 577
82 87 603 541 576 567
82 106 603 541 616 546
83 133 655 446 684 466
83 134 655 446 678 421
84 132 305 605 332 625
84 135 305 605 285 628
85 86 658 545 662 547
85 119 658 545 630 521
86 136 662 547 686 572
87 142 576 567 602 542
87 143 576 567 596 543
88 133 672 475 684 466
88 144 672 475 647 500
89 96 580 428 553 406
89 104 580 428 552 449
90 137 364 610 352 599
90 145 364 610 336 637
91 146 528 421 548 400
92 122 627 565 598 588
92 128 627 565 650 591
94 98 580 611 603 634
95 105 396 547 391 560
96 146 553 406 548 400
97 130 453 502 435 509
97 148 453 502 456 499
99 110 502 501 480 475
101 113 455 601 461 605
101 114 455 601 460 602
102 108 493 513 473 489
103 118 387 509 358 531
103 123 387 509 408 481
104 120 552 449 561 448
104 126 552 449 532 477
105 127 391 560 417 587
106 125 616 546 639 526
107 139 404 700 378 680
108 110 473 489 480 475
110 148 480 475 456 499
111 112 699 502 698 508
111 149 699 502 674 475
116 120 534 474 561 448
116 121 534 474 512 451
117 129 376 577 374 577
119 125 630 521 639 526
121 131 512 451 541 480
123 130 408 481 435 509
124 141 532 522 505 549
126 131 532 477 541 480
129 137 374 577 352 599
132 145 332 625 336 637
133 138 684 466 657 438
134 140 678 421 653 450
138 140 657 438 653 450
140 147 653 450 629 472
142 143 602 542 596 543
