200 7 515 5.15
40 44 55 60 66 77 97 107 108 119 122 125 136 140 148 149 172 
0 1 500 500 471 474
0 15 500 500 493 501
0 31 500 500 502 502
0 39 500 500 499 508
0 48 500 500 510 489
0 52 500 500 498 498
0 58 500 500 506 487
1 2 471 474 442 454
1 3 471 474 466 474
1 5 471 474 491 445
1 14 471 474 473 481
1 25 471 474 469 489
1 57 471 474 465 481
2 3 442 454 466 474
2 4 442 454 417 430
2 95 442 454 440 462
3 9 466 474 495 454
3 14 466 474 473 481
3 15 466 474 493 501
3 25 466 474 469 489
3 57 466 474 465 481
4 6 417 430 391 410
4 7 417 430 391 455
4 10 417 430 396 407
4 11 417 430 443 410
4 13 417 430 424 429
4 18 417 430 422 431
5 8 491 445 514 424
5 9 491 445 495 454
5 23 491 445 494 447
5 32 491 445 470 416
5 43 491 445 499 443
5 53 491 445 492 460
6 10 391 410 396 407
6 20 391 410 367 436
6 29 391 410 363 388
6 42 391 410 383 416
6 63 391 410 395 413
6 71 391 410 384 416
7 19 391 455 367 483
7 61 391 455 392 458
7 69 391 455 398 460
7 73 391 455 399 458
7 78 391 455 386 456
7 116 391 455 387 458
8 23 514 424 494 447
8 34 514 424 515 429
8 37 514 424 518 438
8 47 514 424 516 441
8 50 514 424 522 421
8 117 514 424 515 436
9 14 495 454 473 481
9 16 495 454 490 465
9 21 495 454 519 481
9 23 495 454 494 447
9 34 495 454 515 429
10 13 396 407 424 429
10 17 396 407 373 381
10 18 396 407 422 431
10 22 396 407 418 382
10 27 396 407 421 434
11 12 443 410 463 436
11 33 443 410 420 383
11 94 443 410 445 402
11 123 443 410 450 393
12 16 463 436 490 465
12 122 463 436 466 437
12 134 463 436 467 443
12 155 463 436 470 426
13 18 424 429 422 431
13 27 424 429 421 434
13 170 424 429 411 434
14 25 473 481 469 489
14 31 473 481 502 502
14 39 473 481 499 508
14 57 473 481 465 481
15 30 493 501 521 522
15 31 493 501 502 502
15 39 493 501 499 508
15 52 493 501 498 498
15 57 493 501 465 481
16 23 490 465 494 447
16 25 490 465 469 489
16 37 490 465 518 438
16 47 490 465 516 441
16 48 490 465 510 489
17 28 373 381 394 354
17 29 373 381 363 388
17 38 373 381 400 356
17 64 373 381 347 408
17 66 373 381 345 358
17 80 373 381 372 376
18 27 422 431 421 434
18 69 422 431 398 460
18 73 422 431 399 458
18 83 422 431 397 408
19 24 367 483 343 463
19 60 367 483 373 491
19 61 367 483 392 458
19 76 367 483 366 478
19 87 367 483 343 505
19 96 367 483 338 462
20 51 367 436 346 465
20 56 367 436 372 438
20 59 367 436 366 441
20 67 367 436 346 458
20 68 367 436 367 445
20 72 367 436 366 440
21 45 519 481 547 459
21 48 519 481 510 489
21 53 519 481 492 460
21 58 519 481 506 487
21 92 519 481 545 454
21 109 519 481 539 458
22 33 418 382 420 383
22 35 418 382 447 360
22 62 418 382 405 390
22 90 418 382 415 382
22 93 418 382 397 404
22 94 418 382 445 402
23 43 494 447 499 443
23 53 494 447 492 460
23 89 494 447 511 447
24 26 343 463 316 435
24 51 343 463 346 465
24 54 343 463 317 443
24 56 343 463 372 438
24 59 343 463 366 441
24 67 343 463 346 458
25 57 469 489 465 481
25 82 469 489 468 481
25 95 469 489 440 462
26 40 316 435 293 410
26 54 316 435 317 443
26 104 316 435 318 433
26 118 316 435 314 435
26 121 316 435 321 431
26 128 316 435 320 442
27 132 421 434 394 457
27 136 421 434 398 460
27 139 421 434 398 414
27 170 421 434 411 434
28 38 394 354 400 356
28 65 394 354 420 327
28 90 394 354 415 382
28 102 394 354 387 359
28 147 394 354 390 355
28 166 394 354 404 368
29 42 363 388 383 416
29 71 363 388 384 416
29 80 363 388 372 376
30 41 521 522 523 522
30 44 521 522 549 544
30 52 521 522 498 498
30 77 521 522 499 548
30 86 521 522 528 517
30 101 521 522 523 535
31 39 502 502 499 508
31 41 502 502 523 522
31 46 502 502 477 526
31 48 502 502 510 489
32 43 470 416 499 443
32 98 470 416 489 419
32 123 470 416 450 393
32 137 470 416 490 438
32 153 470 416 487 415
32 155 470 416 470 426
33 62 420 383 405 390
33 74 420 383 393 409
33 90 420 383 415 382
33 143 420 383 400 408
33 163 420 383 424 378
34 37 515 429 518 438
34 47 515 429 516 441
34 50 515 429 522 421
34 89 515 429 511 447
34 117 515 429 515 436
35 36 447 360 426 339
35 70 447 360 418 337
35 125 447 360 476 340
35 184 447 360 446 350
35 188 447 360 475 333
35 196 447 360 467 337
36 65 426 339 420 327
36 70 426 339 418 337
36 103 426 339 420 336
36 166 426 339 404 368
36 179 426 339 425 342
37 43 518 438 499 443
37 47 518 438 516 441
37 50 518 438 522 421
37 89 518 438 511 447
38 80 400 356 372 376
38 102 400 356 387 359
38 103 400 356 420 336
38 147 400 356 390 355
38 166 400 356 404 368
39 52 499 508 498 498
39 99 499 508 494 509
39 101 499 508 523 535
40 106 293 410 291 408
40 112 293 410 297 408
40 118 293 410 314 435
40 169 293 410 270 387
41 86 523 522 528 517
41 101 523 522 523 535
42 62 383 416 405 390
42 63 383 416 395 413
42 71 383 416 384 416
42 74 383 416 393 409
42 75 383 416 377 411
43 47 499 443 516 441
43 50 499 443 522 421
43 53 499 443 492 460
44 86 549 544 528 517
44 119 549 544 572 516
44 158 549 544 573 523
44 165 549 544 573 520
44 193 549 544 575 522
44 195 549 544 577 517
45 49 547 459 535 467
45 92 547 459 545 454
45 109 547 459 539 458
45 124 547 459 519 485
45 131 547 459 545 447
46 175 477 526 472 527
47 55 516 441 494 416
47 88 516 441 496 412
48 49 510 489 535 467
48 52 510 489 498 498
48 58 510 489 506 487
49 58 535 467 506 487
49 89 535 467 511 447
49 92 535 467 545 454
49 97 535 467 561 444
49 109 535 467 539 458
50 117 522 421 515 436
50 131 522 421 545 447
50 162 522 421 548 395
51 60 346 465 373 491
51 67 346 465 346 458
51 68 346 465 367 445
51 96 346 465 338 462
51 115 346 465 344 465
52 58 498 498 506 487
52 99 498 498 494 509
53 82 492 460 468 481
53 117 492 460 515 436
53 122 492 460 466 437
54 104 317 443 318 433
54 118 317 443 314 435
54 121 317 443 321 431
54 128 317 443 320 442
54 130 317 443 339 469
55 88 494 416 496 412
55 98 494 416 489 419
55 134 494 416 467 443
55 138 494 416 516 390
55 149 494 416 518 443
55 153 494 416 487 415
56 59 372 438 366 441
56 63 372 438 395 413
56 68 372 438 367 445
56 72 372 438 366 440
56 100 372 438 370 430
57 82 465 481 468 481
57 99 465 481 494 509
58 120 506 487 520 483
58 124 506 487 519 485
59 68 366 441 367 445
59 72 366 441 366 440
59 91 366 441 343 412
59 100 366 441 370 430
60 76 373 491 366 478
60 107 373 491 398 511
60 115 373 491 344 465
60 127 373 491 369 478
60 167 373 491 353 512
61 69 392 458 398 460
61 73 392 458 399 458
61 76 392 458 366 478
61 78 392 458 386 456
61 116 392 458 387 458
62 75 405 390 377 411
62 83 405 390 397 408
62 90 405 390 415 382
62 93 405 390 397 404
63 71 395 413 384 416
63 72 395 413 366 440
63 74 395 413 393 409
63 75 395 413 377 411
64 91 347 408 343 412
64 100 347 408 370 430
64 105 347 408 345 413
64 121 347 408 321 431
64 133 347 408 376 429
64 135 347 408 327 432
65 70 420 327 418 337
65 103 420 327 420 336
65 179 420 327 425 342
65 180 420 327 395 299
65 184 420 327 446 350
66 79 345 358 316 384
66 81 345 358 323 386
66 108 345 358 321 337
66 140 345 358 340 363
66 186 345 358 321 387
67 96 346 458 338 462
67 115 346 458 344 465
67 127 346 458 369 478
67 130 346 458 339 469
68 72 367 445 366 440
68 100 367 445 370 430
68 113 367 445 391 418
69 73 398 460 399 458
69 78 398 460 386 456
69 116 398 460 387 458
69 129 398 460 390 453
70 103 418 337 420 336
70 171 418 337 398 315
70 179 418 337 425 342
71 74 384 416 393 409
71 75 384 416 377 411
71 83 384 416 397 408
72 100 366 440 370 430
72 114 366 440 370 425
73 78 399 458 386 456
73 116 399 458 387 458
73 129 399 458 390 453
74 75 393 409 377 411
74 83 393 409 397 408
74 93 393 409 397 404
75 113 377 411 391 418
75 114 377 411 370 425
76 78 366 478 386 456
76 116 366 478 387 458
76 127 366 478 369 478
76 129 366 478 390 453
77 150 499 548 528 573
77 154 499 548 520 570
77 172 499 548 474 572
77 174 499 548 525 570
77 175 499 548 472 527
77 178 499 548 500 557
78 116 386 456 387 458
78 129 386 456 390 453
79 81 316 384 323 386
79 84 316 384 288 360
79 85 316 384 314 380
79 140 316 384 340 363
79 157 316 384 344 409
79 186 316 384 321 387
80 142 372 376 392 398
80 182 372 376 344 404
81 85 323 386 314 380
81 186 323 386 321 387
83 93 397 408 397 404
83 113 397 408 391 418
83 139 397 408 398 414
84 85 288 360 314 380
84 187 288 360 294 359
85 106 314 380 291 408
85 186 314 380 321 387
86 101 528 517 523 535
87 167 343 505 353 512
88 98 496 412 489 419
88 153 496 412 487 415
88 194 496 412 491 401
89 98 511 447 489 419
89 117 511 447 515 436
89 149 511 447 518 443
90 102 415 382 387 359
90 147 415 382 390 355
90 163 415 382 424 378
91 104 343 412 318 433
91 105 343 412 345 413
91 157 343 412 344 409
91 182 343 412 344 404
91 197 343 412 341 413
92 97 545 454 561 444
92 109 545 454 539 458
92 110 545 454 569 426
92 131 545 454 545 447
93 113 397 404 391 418
93 114 397 404 370 425
93 139 397 404 398 414
94 123 445 402 450 393
94 155 445 402 470 426
94 163 445 402 424 378
94 185 445 402 422 380
95 170 440 462 411 434
96 115 338 462 344 465
96 130 338 462 339 469
96 151 338 462 318 435
96 160 338 462 313 438
97 110 561 444 569 426
97 111 561 444 584 469
97 131 561 444 545 447
98 137 489 419 490 438
98 153 489 419 487 415
98 194 489 419 491 401
99 120 494 509 520 483
100 114 370 430 370 425
100 133 370 430 376 429
101 178 523 535 500 557
101 192 523 535 501 559
102 147 387 359 390 355
102 166 387 359 404 368
103 144 420 336 442 316
103 179 420 336 425 342
103 190 420 336 396 310
104 105 318 433 345 413
104 112 318 433 297 408
104 118 318 433 314 435
104 121 318 433 321 431
105 128 345 413 320 442
105 157 345 413 344 409
105 168 345 413 370 435
105 182 345 413 344 404
106 112 291 408 297 408
107 183 398 511 370 533
108 148 321 337 298 317
109 131 539 458 545 447
110 189 569 426 544 399
113 133 391 418 376 429
113 139 391 418 398 414
113 141 391 418 392 402
114 133 370 425 376 429
114 141 370 425 392 402
114 152 370 425 366 424
115 130 344 465 339 469
115 199 344 465 364 491
116 129 387 458 390 453
117 149 515 436 518 443
117 153 515 436 487 415
118 121 314 435 321 431
118 128 314 435 320 442
118 135 314 435 327 432
119 158 572 516 573 523
119 161 572 516 599 489
119 165 572 516 573 520
119 193 572 516 575 522
119 195 572 516 577 517
120 124 520 483 519 485
121 128 321 431 320 442
121 135 321 431 327 432
122 126 466 437 493 458
122 134 466 437 467 443
122 155 466 437 470 426
125 145 476 340 466 343
125 177 476 340 496 366
125 188 476 340 475 333
125 196 476 340 467 337
127 176 369 478 365 493
127 199 369 478 364 491
128 135 320 442 327 432
128 151 320 442 318 435
129 132 390 453 394 457
129 136 390 453 398 460
130 176 339 469 365 493
132 136 394 457 398 460
133 152 376 429 366 424
133 168 376 429 370 435
134 155 467 443 470 426
134 164 467 443 468 459
135 151 327 432 318 435
135 160 327 432 313 438
136 156 398 460 419 482
136 191 398 460 425 487
137 164 490 438 468 459
139 141 398 414 392 402
139 142 398 414 392 398
139 143 398 414 400 408
140 146 340 363 367 336
141 142 392 402 392 398
141 143 392 402 400 408
142 143 392 398 400 408
142 152 392 398 366 424
144 145 442 316 466 343
145 188 466 343 475 333
145 196 466 343 467 337
147 166 390 355 404 368
148 159 298 317 325 291
148 173 298 317 299 311
149 198 518 443 543 423
150 154 528 573 520 570
150 174 528 573 525 570
151 160 318 435 313 438
152 168 366 424 370 435
153 194 487 415 491 401
154 174 520 570 525 570
155 194 470 426 491 401
156 191 419 482 425 487
157 182 344 409 344 404
157 197 344 409 341 413
158 165 573 523 573 520
158 193 573 523 575 522
158 195 573 523 577 517
159 173 325 291 299 311
160 197 313 438 341 413
162 189 548 395 544 399
163 185 424 378 422 380
165 193 573 520 575 522
165 195 573 520 577 517
166 179 404 368 425 342
171 180 398 315 395 299
171 190 398 315 396 310
172 181 474 572 502 595
176 199 365 493 364 491
178 192 500 557 501 559
180 190 395 299 396 310
182 197 344 404 341 413
186 187 321 387 294 359
188 196 475 333 467 337
193 195 575 522 577 517
