200 6 446 4.46
22 41 63 70 71 77 80 86 88 95 109 113 124 131 147 152 171 174 176 
0 1 500 500 473 476
0 2 500 500 473 520
0 3 500 500 472 480
0 5 500 500 499 500
0 21 500 500 500 497
0 39 500 500 498 505
1 3 473 476 472 480
1 8 473 476 448 496
1 10 473 476 453 502
1 18 473 476 478 480
1 30 473 476 477 482
2 9 473 520 449 546
2 106 473 520 472 516
2 166 473 520 470 514
3 4 472 480 450 460
3 5 472 480 499 500
3 6 472 480 501 455
3 11 472 480 451 458
4 11 450 460 451 458
4 14 450 460 478 434
4 89 450 460 455 456
4 196 450 460 457 457
5 7 499 500 528 471
5 21 499 500 500 497
5 27 499 500 520 477
5 39 499 500 498 505
6 23 501 455 481 431
6 24 501 455 527 481
6 30 501 455 477 482
6 37 501 455 505 457
6 44 501 455 503 458
7 19 528 471 555 450
7 21 528 471 500 497
7 24 528 471 527 481
7 26 528 471 556 444
7 27 528 471 520 477
8 10 448 496 453 502
8 20 448 496 457 495
8 33 448 496 457 503
8 49 448 496 454 504
8 64 448 496 459 497
9 13 449 546 476 571
9 38 449 546 457 547
9 48 449 546 424 522
9 76 449 546 451 545
9 113 449 546 449 546
10 17 453 502 431 474
10 18 453 502 478 480
10 20 453 502 457 495
10 31 453 502 430 475
11 12 451 458 422 433
11 53 451 458 480 429
11 55 451 458 478 482
11 89 451 458 455 456
12 15 422 433 402 455
12 60 422 433 446 413
12 72 422 433 451 413
12 91 422 433 429 424
12 137 422 433 426 441
13 16 476 571 455 600
13 28 476 571 502 546
13 43 476 571 486 569
13 100 476 571 477 572
13 118 476 571 475 572
14 23 478 434 481 431
14 44 478 434 503 458
14 45 478 434 475 436
14 50 478 434 501 463
14 53 478 434 480 429
15 29 402 455 382 481
15 56 402 455 403 450
15 58 402 455 409 453
15 61 402 455 380 478
15 63 402 455 381 426
16 22 455 600 426 625
16 62 455 600 455 599
16 146 455 600 459 590
16 158 455 600 446 593
17 20 431 474 457 495
17 31 431 474 430 475
17 35 431 474 411 499
17 64 431 474 459 497
17 134 431 474 428 476
18 30 478 480 477 482
18 46 478 480 483 475
18 47 478 480 475 477
18 54 478 480 476 472
19 26 555 450 556 444
19 32 555 450 581 472
19 57 555 450 584 475
19 70 555 450 583 429
19 79 555 450 578 470
20 25 457 495 428 523
20 33 457 495 457 503
20 49 457 495 454 504
21 39 500 497 498 505
21 54 500 497 476 472
21 66 500 497 525 476
22 62 426 625 455 599
22 86 426 625 453 649
22 90 426 625 404 650
22 135 426 625 432 626
23 34 481 431 510 402
23 37 481 431 505 457
23 45 481 431 475 436
23 51 481 431 503 452
24 27 527 481 520 477
24 39 527 481 498 505
24 40 527 481 534 466
24 66 527 481 525 476
25 38 428 523 457 547
25 48 428 523 424 522
25 69 428 523 407 497
25 71 428 523 399 544
25 76 428 523 451 545
26 40 556 444 534 466
26 84 556 444 563 452
26 85 556 444 532 420
26 132 556 444 563 449
27 40 520 477 534 466
27 66 520 477 525 476
27 82 520 477 540 501
28 75 502 546 526 525
28 92 502 546 525 571
28 119 502 546 500 539
28 142 502 546 524 575
28 194 502 546 498 548
29 41 382 481 357 460
29 52 382 481 357 505
29 58 382 481 409 453
29 61 382 481 380 478
29 65 382 481 404 454
30 33 477 482 457 503
30 46 477 482 483 475
30 47 477 482 475 477
31 49 430 475 454 504
31 56 430 475 403 450
31 99 430 475 454 501
31 128 430 475 402 499
32 36 581 472 609 443
32 42 581 472 583 471
32 57 581 472 584 475
32 68 581 472 606 446
32 78 581 472 606 494
33 46 457 503 483 475
33 49 457 503 454 504
33 64 457 503 459 497
34 67 510 402 485 430
34 77 510 402 484 374
34 97 510 402 481 424
34 101 510 402 538 423
34 107 510 402 532 431
35 69 411 499 407 497
35 105 411 499 402 500
35 128 411 499 402 499
35 129 411 499 388 473
35 130 411 499 420 515
36 42 609 443 583 471
36 68 609 443 606 446
36 73 609 443 605 446
36 80 609 443 632 415
36 136 609 443 580 418
37 44 505 457 503 458
37 50 505 457 501 463
37 51 505 457 503 452
37 59 505 457 504 443
38 43 457 547 486 569
38 76 457 547 451 545
38 113 457 547 449 546
38 123 457 547 480 574
39 47 498 505 475 477
39 87 498 505 499 511
40 66 534 466 525 476
40 81 534 466 513 439
40 95 534 466 538 464
41 109 357 460 379 438
41 111 357 460 330 431
41 139 357 460 380 436
41 140 357 460 332 436
41 145 357 460 335 488
42 57 583 471 584 475
42 79 583 471 578 470
42 150 583 471 603 445
42 153 583 471 608 500
43 100 486 569 477 572
43 118 486 569 475 572
43 123 486 569 480 574
43 146 486 569 459 590
44 45 503 458 475 436
44 50 503 458 501 463
44 51 503 458 503 452
45 53 475 436 480 429
45 67 475 436 485 430
45 97 475 436 481 424
46 47 483 475 475 477
46 54 483 475 476 472
46 55 483 475 478 482
47 54 475 477 476 472
47 55 475 477 478 482
48 83 424 522 427 515
48 105 424 522 402 500
48 113 424 522 449 546
48 130 424 522 420 515
49 64 454 504 459 497
49 99 454 504 454 501
50 51 501 463 503 452
50 108 501 463 502 452
50 117 501 463 508 448
51 59 503 452 504 443
51 81 503 452 513 439
52 122 357 505 378 531
52 126 357 505 386 484
52 127 357 505 328 484
52 144 357 505 357 509
52 151 357 505 352 500
53 67 480 429 485 430
53 97 480 429 481 424
53 120 480 429 474 441
54 55 476 472 478 482
54 59 476 472 504 443
55 87 478 482 499 511
55 89 478 482 455 456
56 58 403 450 409 453
56 65 403 450 404 454
56 134 403 450 428 476
56 149 403 450 383 470
57 73 584 475 605 446
57 79 584 475 578 470
57 84 584 475 563 452
58 65 409 453 404 454
58 91 409 453 429 424
58 161 409 453 383 475
59 81 504 443 513 439
59 108 504 443 502 452
59 117 504 443 508 448
60 72 446 413 451 413
60 74 446 413 474 386
60 102 446 413 452 409
60 120 446 413 474 441
60 137 446 413 426 441
61 114 380 478 385 468
61 126 380 478 386 484
61 129 380 478 388 473
61 149 380 478 383 470
62 100 455 599 477 572
62 135 455 599 432 626
62 146 455 599 459 590
62 158 455 599 446 593
63 109 381 426 379 438
63 139 381 426 380 436
63 165 381 426 408 399
63 169 381 426 401 448
63 177 381 426 353 454
64 99 459 497 454 501
64 143 459 497 472 487
65 169 404 454 401 448
65 184 404 454 429 431
65 188 404 454 380 483
66 95 525 476 538 464
66 112 525 476 528 490
67 97 485 430 481 424
67 120 485 430 474 441
67 196 485 430 457 457
68 73 606 446 605 446
68 150 606 446 603 445
68 197 606 446 630 423
69 105 407 497 402 500
69 114 407 497 385 468
69 128 407 497 402 499
69 180 407 497 392 488
70 115 583 429 583 448
70 136 583 429 580 418
70 187 583 429 606 406
70 198 583 429 559 449
71 83 399 544 427 515
71 124 399 544 376 573
71 130 399 544 420 515
71 159 399 544 371 520
71 163 399 544 403 537
72 102 451 413 452 409
73 150 605 446 603 445
73 176 605 446 626 467
74 77 474 386 484 374
74 102 474 386 452 409
75 93 526 525 552 497
75 94 526 525 552 547
75 110 526 525 521 538
75 194 526 525 498 548
76 106 451 545 472 516
76 113 451 545 449 546
76 118 451 545 475 572
77 88 484 374 462 353
77 141 484 374 506 396
77 189 484 374 510 345
77 192 484 374 512 353
78 153 606 494 608 500
78 181 606 494 599 497
79 104 578 470 560 474
79 170 578 470 555 446
79 190 578 470 558 443
80 121 632 415 655 443
80 197 632 415 630 423
81 95 513 439 538 464
81 98 513 439 534 417
81 108 513 439 502 452
82 93 540 501 552 497
82 104 540 501 560 474
82 112 540 501 528 490
82 138 540 501 564 530
82 162 540 501 547 493
83 130 427 515 420 515
83 163 427 515 403 537
83 172 427 515 403 543
83 195 427 515 424 516
84 132 563 452 563 449
84 168 563 452 560 440
84 170 563 452 555 446
84 190 563 452 558 443
85 98 532 420 534 417
85 101 532 420 538 423
85 107 532 420 532 431
86 175 453 649 478 629
87 110 499 511 521 538
87 112 499 511 528 490
87 143 499 511 472 487
88 116 462 353 435 331
89 196 455 456 457 457
91 137 429 424 426 441
91 184 429 424 429 431
92 103 525 571 524 572
92 142 525 571 524 575
92 173 525 571 546 551
93 157 552 497 525 472
93 162 552 497 547 493
94 96 552 547 572 523
94 103 552 547 524 572
94 131 552 547 547 543
94 148 552 547 549 546
94 173 552 547 546 551
95 157 538 464 525 472
95 191 538 464 511 488
96 125 572 523 553 517
96 131 572 523 547 543
96 138 572 523 564 530
96 148 572 523 549 546
96 181 572 523 599 497
97 108 481 424 502 452
97 117 481 424 508 448
98 101 534 417 538 423
98 107 534 417 532 431
98 168 534 417 560 440
99 154 454 501 447 509
100 118 477 572 475 572
100 123 477 572 480 574
101 107 538 423 532 431
101 132 538 423 563 449
103 142 524 572 524 575
104 115 560 474 583 448
105 128 402 500 402 499
105 133 402 500 374 529
105 180 402 500 392 488
106 119 472 516 500 539
106 166 472 516 470 514
108 117 502 452 508 448
109 139 379 438 380 436
109 193 379 438 357 415
110 178 521 538 499 567
111 140 330 431 332 436
112 125 528 490 553 517
112 157 528 490 525 472
112 162 528 490 547 493
113 155 449 546 445 542
113 164 449 546 421 574
114 126 385 468 386 484
114 129 385 468 388 473
114 149 385 468 383 470
114 161 385 468 383 475
118 123 475 572 480 574
118 158 475 572 446 593
119 194 500 539 498 548
122 133 378 531 374 529
122 159 378 531 371 520
122 182 378 531 354 508
123 167 480 574 452 546
124 156 376 573 349 597
125 138 553 517 564 530
125 183 553 517 571 518
126 129 386 484 388 473
126 144 386 484 357 509
126 149 386 484 383 470
127 145 328 484 335 488
127 174 328 484 324 479
128 180 402 499 392 488
129 149 388 473 383 470
129 161 388 473 383 475
130 155 420 515 445 542
130 180 420 515 392 488
131 147 547 543 568 571
131 148 547 543 549 546
131 173 547 543 546 551
131 183 547 543 571 518
132 168 563 449 560 440
132 170 563 449 555 446
132 190 563 449 558 443
133 151 374 529 352 500
133 152 374 529 349 506
133 159 374 529 371 520
137 184 426 441 429 431
138 183 564 530 571 518
143 154 472 487 447 509
144 151 357 509 352 500
144 152 357 509 349 506
144 159 357 509 371 520
144 182 357 509 354 508
145 174 335 488 324 479
146 158 459 590 446 593
147 160 568 571 540 595
148 173 549 546 546 551
149 161 383 470 383 475
151 152 352 500 349 506
151 182 352 500 354 508
152 171 349 506 324 529
152 174 349 506 324 479
152 182 349 506 354 508
153 181 608 500 599 497
153 199 608 500 632 473
155 166 445 542 470 514
155 167 445 542 452 546
157 162 525 472 547 493
161 180 383 475 392 488
161 188 383 475 380 483
163 172 403 537 403 543
163 195 403 537 424 516
168 170 560 440 555 446
168 190 560 440 558 443
168 198 560 440 559 449
170 190 555 446 558 443
170 198 555 446 559 449
171 179 324 529 297 557
174 185 324 479 300 506
176 186 626 467 648 492
176 199 626 467 632 473
178 194 499 567 498 548
180 188 392 488 380 483
189 192 510 345 512 353
190 198 558 443 559 449
