200 3 269 2.69
77 91 99 108 111 112 118 121 125 127 132 134 139 141 142 143 144 146 148 152 159 161 168 182 188 
0 1 500 500 480 522
0 85 500 500 485 501
1 2 480 522 459 549
1 3 480 522 451 494
2 4 459 549 431 521
2 5 459 549 433 529
3 11 451 494 480 467
3 30 451 494 459 499
4 5 431 521 433 529
4 7 431 521 408 493
5 6 433 529 412 505
6 7 412 505 408 493
6 9 412 505 392 484
7 8 408 493 386 521
8 10 386 521 410 493
8 12 386 521 410 546
9 13 392 484 421 511
9 16 392 484 367 509
10 15 410 493 430 471
10 18 410 493 387 467
11 14 480 467 509 439
11 17 480 467 458 441
12 26 410 546 397 537
12 28 410 546 431 575
13 23 421 511 449 540
13 26 421 511 397 537
14 21 509 439 483 460
14 29 509 439 529 417
15 22 430 471 402 451
15 30 430 471 459 499
16 20 367 509 343 480
16 35 367 509 338 484
17 19 458 441 478 416
17 36 458 441 487 465
18 27 387 467 410 439
18 38 387 467 414 444
19 43 478 416 503 392
19 44 478 416 505 393
20 24 343 480 367 460
20 35 343 480 338 484
21 31 483 460 460 481
21 36 483 460 487 465
22 25 402 451 375 424
22 27 402 451 410 439
23 34 449 540 470 564
23 46 449 540 442 538
24 32 367 460 342 439
24 39 367 460 371 461
25 49 375 424 347 402
25 56 375 424 373 423
26 45 397 537 374 517
27 33 410 439 437 466
28 53 431 575 459 551
28 54 431 575 456 604
29 40 529 417 556 389
29 50 529 417 551 445
30 31 459 499 460 481
31 37 460 481 480 453
32 39 342 439 371 461
32 51 342 439 366 459
33 42 437 466 416 446
33 62 437 466 412 489
34 41 470 564 490 590
34 46 470 564 442 538
35 47 338 484 309 510
36 37 487 465 480 453
37 52 480 453 456 481
38 42 414 444 416 446
38 64 414 444 443 423
39 51 371 461 366 459
40 58 556 389 578 409
40 65 556 389 582 416
41 57 490 590 518 613
41 69 490 590 465 566
42 70 416 446 394 469
43 44 503 392 505 393
43 48 503 392 482 416
44 55 505 393 479 369
45 59 374 517 397 540
45 66 374 517 398 540
46 63 442 538 438 531
47 71 309 510 329 537
47 73 309 510 332 539
48 74 482 416 461 439
48 77 482 416 453 387
49 56 347 402 373 423
49 79 347 402 369 424
50 68 551 445 558 435
50 83 551 445 577 421
51 84 366 459 340 481
52 85 456 481 485 501
52 87 456 481 440 475
53 60 459 551 486 528
53 63 459 551 438 531
54 67 456 604 429 582
54 76 456 604 452 607
55 91 479 369 502 345
55 95 479 369 457 395
56 79 373 423 369 424
57 96 518 613 494 633
57 98 518 613 492 642
58 65 578 409 582 416
58 68 578 409 558 435
59 61 397 540 375 567
59 66 397 540 398 540
60 93 486 528 461 508
60 102 486 528 463 499
61 108 375 567 348 538
61 110 375 567 400 596
62 80 412 489 433 514
62 81 412 489 419 496
63 72 438 531 464 507
64 78 443 423 463 444
64 89 443 423 471 403
65 75 582 416 561 387
66 86 398 540 424 516
67 76 429 582 452 607
67 100 429 582 451 558
68 101 558 435 586 409
69 100 465 566 451 558
69 111 465 566 490 539
70 81 394 469 419 496
70 112 394 469 367 440
71 73 329 537 332 539
71 108 329 537 348 538
72 93 464 507 461 508
72 102 464 507 463 499
73 82 332 539 359 511
74 78 461 439 463 444
74 90 461 439 441 459
75 103 561 387 532 409
75 117 561 387 584 408
76 120 452 607 472 586
77 95 453 387 457 395
77 121 453 387 432 367
78 94 463 444 436 473
79 112 369 424 367 440
80 86 433 514 424 516
80 122 433 514 404 489
81 87 419 496 440 475
82 92 359 511 385 537
82 99 359 511 333 489
83 101 577 421 586 409
83 117 577 421 584 408
84 99 340 481 333 489
84 123 340 481 368 509
85 125 485 501 506 521
86 88 424 516 444 488
87 88 440 475 444 488
88 94 444 488 436 473
89 97 471 403 492 382
89 106 471 403 491 430
90 107 441 459 466 431
90 109 441 459 468 486
91 118 502 345 531 321
91 124 502 345 480 374
92 127 385 537 411 558
92 128 385 537 413 509
93 129 461 508 485 486
94 130 436 473 413 450
95 113 457 395 466 406
96 98 494 633 492 642
96 119 494 633 516 610
97 104 492 382 503 389
97 114 492 382 511 383
98 131 492 642 466 613
99 134 333 489 304 463
100 136 451 558 423 537
101 105 586 409 557 430
102 109 463 499 468 486
103 104 532 409 503 389
103 114 532 409 511 383
104 116 503 389 478 412
105 132 557 430 528 407
105 137 557 430 585 404
106 113 491 430 466 406
106 126 491 430 471 457
107 138 466 431 442 404
107 140 466 431 458 439
108 141 348 538 328 564
109 129 468 486 485 486
110 146 400 596 422 622
110 147 400 596 425 623
111 149 490 539 461 517
111 153 490 539 461 564
112 154 367 440 389 416
113 115 466 406 484 403
114 115 511 383 484 403
115 116 484 403 478 412
116 140 478 412 458 439
117 137 584 408 585 404
118 143 531 321 559 295
118 152 531 321 509 298
119 155 516 610 494 631
119 156 516 610 488 631
120 145 472 586 492 561
120 157 472 586 496 566
121 158 432 367 454 344
121 159 432 367 412 339
122 133 404 489 392 489
122 160 404 489 426 511
123 133 368 509 392 489
123 161 368 509 396 483
124 162 480 374 503 348
124 165 480 374 505 347
125 151 506 521 527 542
125 166 506 521 482 544
126 167 471 457 448 486
126 168 471 457 496 477
127 144 411 558 383 579
127 169 411 558 437 533
128 135 413 509 436 486
128 160 413 509 426 511
129 168 485 486 496 477
130 173 413 450 437 424
130 174 413 450 439 424
131 175 466 613 438 637
131 176 466 613 492 640
132 177 528 407 549 387
132 178 528 407 501 383
133 161 392 489 396 483
134 142 304 463 275 434
134 148 304 463 281 489
135 167 436 486 448 486
135 179 436 486 407 507
136 163 423 537 451 565
136 169 423 537 437 533
137 139 585 404 558 380
138 180 442 404 466 381
138 181 442 404 465 384
139 177 558 380 549 387
139 182 558 380 581 404
140 150 458 439 436 463
141 183 328 564 308 593
141 184 328 564 352 590
142 185 275 434 297 414
142 186 275 434 255 411
143 188 559 295 581 273
143 190 559 295 580 274
144 194 383 579 403 557
144 197 383 579 412 605
145 157 492 561 496 566
145 166 492 561 482 544
146 147 422 622 425 623
146 171 422 622 445 595
147 172 425 623 448 645
148 199 281 489 302 515
150 187 436 463 409 441
152 170 509 298 489 272
153 163 461 564 451 565
155 156 494 631 488 631
155 176 494 631 492 640
159 164 412 339 436 360
160 179 426 511 407 507
161 198 396 483 372 456
162 165 503 348 505 347
162 189 503 348 474 370
163 192 451 565 426 540
168 195 496 477 516 456
169 192 437 533 426 540
172 175 448 645 438 637
173 174 437 424 439 424
173 196 437 424 433 416
180 181 466 381 465 384
180 189 466 381 474 370
182 191 581 404 602 433
187 196 409 441 433 416
188 190 581 273 580 274
188 193 581 273 552 302
