150 3 199 2.6533334
48 68 83 84 87 88 89 94 96 99 101 102 103 105 106 107 110 112 113 117 125 126 131 136 
0 1 500 500 524 522
0 15 500 500 504 494
0 125 500 500 506 497
1 2 524 522 547 551
1 5 524 522 548 548
2 3 547 551 570 578
2 4 547 551 542 558
3 4 570 578 542 558
3 6 570 578 590 600
4 5 542 558 548 548
5 7 548 548 525 521
6 8 590 600 562 577
6 9 590 600 561 580
7 10 525 521 505 544
7 15 525 521 504 494
8 9 562 577 561 580
8 11 562 577 586 601
9 23 561 580 539 607
10 16 505 544 533 567
10 25 505 544 484 519
11 12 586 601 561 625
11 14 586 601 611 579
12 13 561 625 582 645
12 29 561 625 533 604
13 17 582 645 607 623
13 18 582 645 611 616
14 21 611 579 634 553
14 31 611 579 584 550
15 38 504 494 533 515
16 24 533 567 561 540
16 40 533 567 509 593
17 18 607 623 611 616
17 19 607 623 634 597
18 26 611 616 640 639
19 20 634 597 662 621
19 27 634 597 659 570
20 22 662 621 685 600
20 32 662 621 660 626
21 44 634 553 660 580
21 47 634 553 605 582
22 32 685 600 660 626
22 49 685 600 663 573
23 29 539 607 533 604
23 42 539 607 513 628
24 33 561 540 541 516
24 41 561 540 588 515
25 36 484 519 457 542
25 46 484 519 506 542
26 28 640 639 615 659
26 34 640 639 612 662
27 30 659 570 684 549
27 35 659 570 635 599
28 34 615 659 612 662
28 48 615 659 638 682
29 37 533 604 509 630
30 51 684 549 660 575
30 54 684 549 706 578
31 57 584 550 560 570
31 60 584 550 560 524
32 56 660 626 652 618
33 38 541 516 533 515
33 64 541 516 521 544
34 72 612 662 640 637
35 39 635 599 657 574
35 43 635 599 608 621
36 45 457 542 428 564
36 52 457 542 486 522
37 42 509 630 513 628
37 73 509 630 486 606
38 59 533 515 559 535
39 44 657 574 660 580
39 49 657 574 663 573
40 50 509 593 481 568
40 55 509 593 533 616
41 68 588 515 610 539
41 74 588 515 568 541
42 75 513 628 493 603
43 53 608 621 631 647
43 63 608 621 604 621
44 51 660 580 660 575
45 80 428 564 448 544
45 81 428 564 452 540
46 64 506 542 521 544
46 67 506 542 483 563
47 65 605 582 631 556
47 69 605 582 588 590
48 84 638 682 665 704
48 87 638 682 609 702
49 71 663 573 634 551
50 67 481 568 483 563
50 90 481 568 508 595
51 94 660 575 686 548
52 95 486 522 466 551
52 97 486 522 478 519
53 56 631 647 652 618
53 63 631 647 604 621
54 58 706 578 686 601
54 66 706 578 685 602
55 76 533 616 507 588
55 98 533 616 512 589
56 70 652 618 679 591
57 69 560 570 588 590
57 77 560 570 544 572
58 62 686 601 709 630
58 66 686 601 685 602
59 60 559 535 560 524
59 61 559 535 579 560
60 74 560 524 568 541
61 79 579 560 603 588
61 88 579 560 559 537
62 92 709 630 683 653
62 100 709 630 733 653
63 101 604 621 625 600
64 77 521 544 544 572
65 71 631 556 634 551
65 103 631 556 653 581
66 70 685 602 679 591
67 104 483 563 489 573
68 105 610 539 638 512
68 107 610 539 637 561
69 79 588 590 603 588
70 82 679 591 683 586
71 107 634 551 637 561
72 78 640 637 662 608
72 85 640 637 661 660
73 75 486 606 493 603
73 108 486 606 511 626
74 88 568 541 559 537
75 83 493 603 513 631
76 90 507 588 508 595
76 91 507 588 516 595
77 91 544 572 516 595
78 82 662 608 683 586
78 93 662 608 685 633
79 109 603 588 628 615
80 81 448 544 452 540
80 95 448 544 466 551
81 97 452 540 478 519
82 102 683 586 657 559
83 108 513 631 511 626
83 110 513 631 491 611
84 89 665 704 642 683
84 111 665 704 694 680
85 86 661 660 686 638
85 99 661 660 689 682
86 92 686 638 683 653
86 93 686 638 685 633
87 114 609 702 637 725
87 115 609 702 585 723
88 96 559 537 532 564
89 117 642 683 614 661
89 119 642 683 617 704
90 98 508 595 512 589
91 120 516 595 542 622
92 106 683 653 655 630
93 112 685 633 714 610
94 121 686 548 710 525
94 122 686 548 665 570
95 104 466 551 489 573
96 123 532 564 559 592
96 124 532 564 554 538
97 125 478 519 506 497
98 113 512 589 486 563
99 111 689 682 694 680
99 126 689 682 713 711
100 118 733 653 755 624
100 127 733 653 712 625
101 109 625 600 628 615
101 128 625 600 603 575
102 122 657 559 665 570
102 129 657 559 635 536
103 130 653 581 678 610
103 131 653 581 678 559
104 113 489 573 486 563
105 134 638 512 659 539
105 136 638 512 658 491
106 142 655 630 629 602
106 144 655 630 680 655
107 145 637 561 660 586
108 116 511 626 531 652
109 142 628 615 629 602
110 147 491 611 465 583
111 133 694 680 717 653
112 127 714 610 712 625
112 146 714 610 738 639
113 135 486 563 513 591
116 132 531 652 554 629
117 140 614 661 587 640
117 141 614 661 637 682
118 149 755 624 731 652
120 132 542 622 554 629
122 131 665 570 678 559
125 138 506 497 531 518
126 148 713 711 733 731
131 137 678 559 698 580
133 149 717 653 731 652
136 139 658 491 682 470
136 143 658 491 687 466
139 143 682 470 687 466
